-37.538143	19.123804
20.35666	23.6039
13.914249	-56.23078
37.228992	6.5521865
-29.012497	28.176155
-32.365982	13.669324
-13.364337	33.525085
-28.115927	-33.683975
-5.426838	20.420431
-15.57293	-25.42057
-31.838076	-24.238373
22.872879	7.9347196
44.838448	-13.928668
52.865692	2.6778994
-43.458256	-3.393445
35.631096	13.309792
-32.784706	-21.668633
-9.310671	7.1075253
-33.93332	-29.182697
-38.25973	19.735458
-20.180801	-27.168047
25.155542	6.3099227
-34.17649	-20.995136
42.163868	19.80789
41.28021	-16.238865
-8.79162	5.5871797
-39.382744	11.893786
-7.0504985	-7.320888
11.03929	-57.779747
-35.422634	-30.54066
-6.5796723	0.17494307
-17.08935	30.239874
24.214682	1.8552697
35.42098	-22.449965
-19.383802	30.187906
-40.345627	-21.166555
-25.320763	-8.96992
-28.455954	-23.13048
-35.890003	-16.81964
-1.1667013	30.515762
23.526077	26.996984
1.5922363	-8.222212
-25.68072	-11.804184
45.697006	6.9436336
-24.515263	-33.76525
-43.07936	-1.4837072
6.4295826	24.572033
36.36534	-17.93752
12.665989	29.211058
-29.160946	-33.08462
-39.38439	-19.749321
7.779039	-53.02173
-24.782738	-34.317616
18.581942	25.533125
43.388664	17.18089
-18.71554	-30.277563
-18.733294	-32.042892
1.0345881	31.345303
-42.065193	-5.183572
35.403778	-25.867449
40.04067	-16.992048
2.8373735	-54.30876
-26.465746	-12.742239
51.66895	6.570683
-6.8459463	-6.6435604
44.86349	7.993033
46.73868	9.106463
-18.243137	22.243105
-31.81893	26.849852
-23.529327	-6.8671427
-42.105057	-4.5466375
6.358132	31.373062
-19.231905	25.5589
13.484156	29.573841
8.829684	31.641792
4.6417046	31.288033
40.667465	16.578644
36.797783	-23.529543
-25.589128	33.97518
9.313654	26.485413
47.072655	20.652233
-40.337322	-1.7303281
-36.068398	-29.523008
-42.855488	-21.553469
-18.586187	-27.866554
-11.4341135	32.646576
-34.237045	11.230592
-5.235428	23.268484
49.099957	-0.8057518
49.404896	-5.8631635
49.56024	17.325266
-23.318064	34.121403
-23.115004	-38.15849
-38.74656	-5.3544
-38.876713	19.207052
-2.0194936	-13.102417
39.415688	15.876593
-25.3385	-10.485305
-40.20819	-20.099533
3.5513813	23.241495
-37.528675	-22.75162
21.107977	22.58128
-0.5928341	-6.078946
36.66474	7.5581136
44.626488	-4.9480686
-6.3476987	18.920351
-4.558163	-12.390482
7.1854963	-49.84918
4.543703	-3.1582417
-19.736937	-38.89369
37.486645	-24.275328
-24.390903	-8.382943
5.3910537	-3.3549948
6.2720933	29.887245
21.89008	21.274736
9.335346	-53.87972
18.562998	29.52813
-36.757065	16.834644
21.216154	4.8589683
-37.406837	-19.788525
44.59668	-19.474888
-26.69357	-9.365576
-2.303197	-6.792339
52.456085	3.557452
15.816747	-51.21001
48.065056	-1.6498675
39.904728	-16.099726
-21.351477	-39.22092
-25.36521	-2.8273387
5.5887837	24.284672
-39.61923	0.53350043
-6.522714	-2.1494608
45.97327	-20.241783
5.708005	30.901066
21.22688	4.0622325
-39.5474	10.670349
-20.949596	-29.316143
45.705997	20.811346
-3.7963514	25.985806
-40.361847	12.298235
35.505802	-23.481182
-44.565685	-2.9152484
0.004473543	-4.198435
-4.1087575	-8.642169
22.666836	2.3859289
-42.66827	-21.663776
36.291573	8.902373
-4.075287	-14.485145
-24.00911	-7.480755
39.212677	4.966359
43.53561	-4.495849
-31.447628	18.770855
-17.34552	23.450441
-32.263638	-19.527601
46.583904	-18.557074
19.562042	28.639593
47.93021	19.293428
-37.526062	-17.666039
-31.33062	26.007792
-0.9356033	-6.8435855
16.549994	27.64792
22.105276	7.263454
-25.476528	29.513397
13.4806595	-54.050903
-31.963194	33.067593
-19.575134	-32.078056
20.473598	11.135071
-38.017048	18.027328
-1.906578	31.095732
34.75124	15.172307
-11.467492	35.356106
12.308945	24.958548
15.040765	-57.41329
-16.996845	-32.568836
46.625042	7.727626
21.033922	6.1004376
27.599892	2.246147
2.5958	-3.4623144
47.283184	-7.2623253
8.024932	-54.15407
-33.44602	-23.210209
-9.39695	4.372629
47.467705	-8.538427
-32.667233	14.734202
-18.90687	-28.594398
-20.596663	-36.903725
-6.422853	3.0814333
23.584663	19.193644
-13.836551	34.938225
45.180763	-18.53936
35.825478	13.870601
-34.880867	9.983832
-22.985464	36.047554
3.2414927	-54.94738
47.64896	-0.5977695
35.88632	16.039417
6.6014814	-5.329421
14.239578	-50.70611
-41.072792	16.461256
46.02321	11.676449
46.92406	19.572159
38.84903	-15.841424
-5.8225145	-2.9405222
9.2371	30.59726
44.697376	-17.09775
43.124958	19.518219
46.88008	9.856008
10.627694	-57.026047
5.7524433	-53.96054
48.766056	1.0287747
-32.89309	32.82507
-6.807427	21.852354
48.09839	6.2759857
-38.82155	-20.40644
-41.15993	-2.0715146
-43.50095	-2.1463375
-33.924564	-27.838829
5.5955405	-54.80007
-7.8502064	20.631107
18.12074	-49.57832
-27.130274	27.563774
-33.453613	-26.947464
-15.188778	22.678782
-20.665373	30.39666
19.619213	25.18398
-18.378963	29.886215
-24.96027	-37.579254
11.123476	29.918419
4.2506857	23.259066
-26.00709	0.25151405
50.27875	6.9779243
2.1458306	-7.3349013
46.243694	-10.686355
45.404655	-11.995782
5.9939356	-50.358894
-1.0386615	-7.7183905
7.6080937	30.294617
45.476555	12.313301
49.01201	-2.118876
-36.883293	-16.580458
-24.595337	-11.45795
40.23674	-15.4163885
3.985108	-3.8632524
-8.21606	4.327846
43.08017	15.681249
52.73965	5.6094675
-21.949572	-25.871086
45.692036	-10.0658045
47.566196	2.5233183
45.606094	-5.5062733
-24.930891	30.657902
1.3223171	-7.26265
-31.082863	27.466484
22.179264	8.9008255
-25.217613	-1.5405391
-26.999798	-34.99913
-21.480066	-32.912235
-30.952675	23.90751
-14.937877	-24.873993
-27.466187	33.191853
-6.186859	20.191034
25.364082	1.951538
-38.572716	-6.5085692
-14.188265	33.73538
20.60557	10.066268
41.379326	17.628119
-3.0575361	-14.317056
-40.471054	16.204336
15.440369	29.01198
-4.852526	-13.312821
-24.502047	-13.2997465
17.584963	-49.971825
-20.955412	-25.574762
-3.977152	-13.16664
-7.173426	20.213724
14.976218	-58.228592
-12.676063	21.3812
-40.900696	10.98634
-5.5620255	-1.5433964
5.4126663	-6.8169527
-23.654945	34.92468
20.069355	29.976093
5.925609	28.960999
-14.881819	34.980152
25.936882	5.6018066
48.72712	-7.185284
-29.910666	24.644907
10.082065	-54.945168
22.64521	28.616385
-21.926397	-25.005138
38.022747	5.065682
-42.266716	13.872118
-14.611362	20.195633
7.185629	-51.757107
53.466568	3.3063223
-0.8296046	31.209969
49.14679	7.025837
-33.621525	12.949169
-7.4106154	1.8439641
24.013597	32.79679
23.829365	17.47532
35.23899	16.06218
-27.050755	-34.380497
-25.729519	-36.835487
-25.288897	-0.29399776
13.965269	-57.654324
-26.776602	28.909008
36.13598	-14.008985
-29.50711	-20.94994
-35.230595	-29.521673
8.179443	25.375763
-36.080856	-15.319367
-24.729149	-36.80124
-37.552235	-18.697504
-33.936954	14.661223
52.96347	4.48935
-35.518127	-28.403452
46.067684	13.293886
-8.439226	32.264046
-41.46512	15.055818
7.8707385	26.158232
-29.237577	-22.150482
-40.09085	11.435232
-34.723213	-17.389471
-8.633219	31.247423
-12.757182	35.599915
20.374693	8.041315
15.045695	-50.904663
-9.782725	6.444918
-32.12308	9.112383
47.154606	-3.7690816
-26.017544	-3.1931677
-8.619246	3.451509
11.716896	-57.430305
39.07936	-17.197754
21.942175	1.9447179
-28.090866	-21.919065
2.1445422	-55.254745
-1.5265282	-13.140615
-33.091896	15.539555
6.157602	-48.475986
10.802325	-54.444813
24.500395	18.32282
-5.76637	22.691671
-6.9926353	-1.3471514
-11.93673	34.19045
13.6945715	-54.898014
0.6939515	-3.8026724
-4.31564	25.136812
-9.961842	7.7730494
45.92151	-6.2348213
-6.004812	31.51965
-33.621593	10.342454
-19.53845	26.688957
-9.942928	33.004093
6.086119	27.614397
-34.087334	-30.22458
34.264835	-24.821959
-30.191677	23.755272
-35.281803	16.107012
35.84212	-20.395866
44.282272	17.653421
22.97879	28.113663
-26.411562	-22.634247
6.315985	-6.1527786
-27.01764	33.13543
-20.638678	-28.149654
-37.797802	17.306839
9.233335	25.774984
-21.153336	-26.944595
-37.714016	-4.690285
44.456997	20.746792
2.1527836	31.533623
35.038124	-25.19847
7.195626	-53.696224
46.197475	-9.112618
-2.9678898	-7.368047
-32.397903	17.324503
-1.9721507	-14.558109
42.192295	18.764994
36.017593	-24.435965
14.514599	-51.626663
-20.322779	28.182032
36.62875	-15.565952
-29.306097	26.604225
19.376411	26.408588
21.183743	2.7816343
-41.39824	-3.1867948
50.12365	1.4618187
48.782406	16.880096
-18.744682	25.042816
-3.0398273	31.214043
-21.106396	28.902843
35.873795	7.8931003
-32.745895	-29.626457
-21.602625	33.495754
21.64906	30.182692
-5.892417	-6.0546894
23.152287	19.941698
-39.839825	-5.5860877
48.824314	18.407679
36.236767	-17.195774
18.13882	26.825657
-21.082872	-38.590797
37.738106	-18.302359
-6.094781	-8.123539
-21.27233	32.4855
-26.38024	-0.45273712
43.49747	-15.047877
-26.216164	-1.6477001
25.480822	2.8563652
37.839497	4.398715
51.317383	7.984773
-24.734564	-12.474888
35.48686	9.088463
12.199875	30.169836
24.01403	8.200045
-40.013897	-2.7179475
46.267025	-17.46913
-14.053222	22.303205
-19.223852	28.867767
26.444963	2.1066492
47.980858	20.296505
18.845516	27.906239
-25.583422	-33.156033
6.7753716	-50.478966
-38.05651	-23.953175
-22.026522	-33.628414
45.3956	-19.60336
46.455784	-1.8590639
8.022864	-55.082733
48.18358	-3.2931783
-5.81851	1.6019908
-29.909843	-22.979033
-27.359941	-22.759394
-14.693602	21.233837
-22.218307	33.871628
50.568527	8.729334
-15.120094	19.44343
-30.233696	27.969057
-33.337826	9.15711
-10.657998	33.85142
12.029382	25.231201
4.2825775	-54.478813
-33.163036	12.037396
5.422466	-5.894071
-32.18889	32.44552
42.3119	16.258562
-16.64707	-26.600666
-39.143295	1.7896776
36.0575	-14.527232
44.793106	-14.883597
-39.307663	-7.074205
49.491924	16.401066
21.199772	8.834659
23.464838	32.568233
-7.646622	0.5718403
-30.923386	22.298628
-38.299065	-22.198341
-21.54679	-28.35389
