-0.85527074	28.526194
31.092413	-0.5440655
-28.246973	-8.982079
-7.8510933	-52.18762
19.848	-9.098725
24.615227	-1.7197952
36.25246	3.6985037
-7.5874944	-24.638842
30.903866	-13.08484
4.0491886	-20.496239
7.972885	1.1727049
8.876607	2.470495
-7.454977	57.793648
-17.44505	66.54611
23.858242	0.52064586
15.62832	-44.25667
33.74185	-16.974272
16.09641	-28.504318
-14.8720455	15.087487
-3.927011	-30.269072
-10.730635	19.81862
11.53067	-37.97731
-6.381302	-9.345553
8.852359	-44.172867
-6.644226	59.099674
-13.967745	-52.97749
-21.247496	-26.669832
-31.98099	16.840897
-37.357067	-5.1036363
-1.3029305	-26.53573
-10.757758	-3.0009296
35.525642	-30.38869
12.594572	-52.643425
-10.997703	-51.557915
37.347538	-4.5983915
33.370525	-15.937012
-39.532707	10.773858
13.768835	19.650227
1.1825734	25.390175
20.209948	-7.830289
-10.922368	32.196575
8.023645	5.249378
1.1535003	27.777563
-24.436014	54.368675
-14.816422	-22.772362
41.229885	4.297191
-6.33321	-29.69666
-31.100761	37.824272
-1.8922796	27.235092
4.1508045	10.949029
22.605509	-1.4580274
-32.887688	-7.7624564
-12.53585	-24.866913
-12.266352	30.095936
-25.931238	44.90879
3.0624762	-14.822613
1.8655483	-15.233381
-9.349033	29.669765
9.684611	-23.26518
11.628476	-52.551876
-9.906701	24.029913
-27.490808	16.794771
-10.917633	-20.834452
-21.367113	55.532974
6.6898866	14.205396
-17.499872	56.399246
-16.317057	62.621174
12.55494	-7.453483
40.8097	-1.9069332
-19.197906	-23.676247
22.424305	0.44999635
-13.652046	29.559849
31.119781	3.2363508
26.062553	12.816099
19.531796	11.447322
19.358849	-17.194714
8.224793	-43.11379
-10.947753	11.814849
27.847864	-24.918425
24.602854	-34.579193
-22.06341	50.60383
2.1538744	30.032465
34.64505	-22.379353
1.120445	8.153027
-1.1388056	1.1637777
-1.7312771	7.8821654
21.609467	-1.903725
3.989585	-3.3869298
-17.760519	58.83634
-7.4606814	55.090313
-18.664818	59.576195
19.379272	-0.20211986
-19.859169	-24.43949
-1.1832588	-28.039103
36.76727	-23.267677
7.639971	16.97163
7.07689	-45.03417
2.371223	26.111105
-17.007954	21.12059
4.9390306	-31.173693
-40.237633	9.554127
18.3103	-2.4049528
2.409731	14.561216
-28.352644	34.072178
-13.173674	55.52292
12.22416	-35.867657
-5.02222	14.474467
7.6296887	-20.780426
1.6176564	16.995905
-2.8643074	-11.547122
-31.00482	39.25968
-4.0700693	-36.254337
-28.077627	19.303453
20.339226	11.821765
-11.068946	30.530554
-36.814888	-6.6863236
30.040491	-56.306377
37.53275	7.695626
-28.527615	20.891008
16.224094	18.680048
-6.511782	54.48441
-10.8390465	-19.673819
-5.8891225	-10.382835
-18.717121	56.47722
-28.363665	-14.978446
-19.022545	61.911873
8.683913	-54.449688
-12.785551	-1.6554781
0.9377861	29.175114
-5.081381	29.50294
39.665756	7.2250934
-30.941103	17.69646
-28.959658	39.1894
-8.641926	38.18229
8.055144	-11.04983
41.032085	7.7352033
2.9293582	-13.5835905
-13.228145	40.853573
-18.321053	23.569296
40.35234	4.365856
9.557508	-56.218983
8.354395	25.446915
0.684665	20.623983
7.3694215	14.376487
10.374663	-49.66664
-0.39673945	2.4664638
9.873228	-58.488518
-8.87799	15.428135
-24.636076	36.82489
5.603159	-43.04047
-14.305857	66.65665
20.799154	-0.070693
0.037787843	23.613018
-7.3722973	-4.296745
-4.3190246	56.968563
-0.07202812	-39.35971
16.438667	-43.978275
-12.987474	20.788984
36.594162	-4.707385
7.093384	27.215158
5.034882	-34.687355
9.325047	3.0524478
41.718365	-3.2795677
16.660208	-42.38288
23.109806	-33.28131
3.0265627	-17.285194
-2.083313	-45.238346
35.0568	-23.507248
-0.8638341	10.477281
4.6423135	-3.8950348
17.115303	-20.56318
29.700403	-58.1595
-39.356754	-7.53309
28.702282	-57.986633
-32.37572	40.019753
7.546493	-10.736031
8.389804	29.079298
-25.660881	19.36688
-18.990492	64.28014
-32.63963	-9.487612
-10.525912	-26.475231
-29.34926	14.174593
-13.5821085	54.5022
-8.12423	-28.64679
-10.524113	18.990454
-2.720229	56.960266
-28.851665	14.970329
-0.4085254	-44.902245
20.58927	-30.10071
-5.9110246	60.722553
6.052744	-56.31633
24.728632	-0.37930968
11.342469	-12.210855
-35.531075	-10.519095
-18.440554	53.976902
-9.916458	36.129913
-12.7800255	10.768689
0.1439932	-10.835957
41.745274	-1.5936077
12.001069	-50.997276
-23.192423	62.264748
12.602701	-56.833023
-29.548084	16.970333
25.960674	-34.64562
-12.681022	52.73399
-26.019636	46.01155
12.33751	-44.74545
9.008008	13.863777
-32.831932	-11.75617
-12.421111	60.863834
6.892193	-28.276628
30.874125	0.17500214
-22.670599	56.35652
-7.276532	-6.1673408
15.581863	18.914928
8.954573	-20.935514
6.206214	9.799974
-33.590336	-10.199599
-3.2258105	36.86596
-28.3578	56.59106
-0.047889985	8.796109
3.8559723	13.847233
24.581703	-30.099106
29.07789	-19.748621
3.0497148	-55.958538
26.487198	-26.271187
-36.194843	12.097935
26.064924	11.156592
7.6612034	-27.575567
8.636727	-13.174731
-14.539244	63.18208
-12.192281	-52.397663
-6.5614586	57.146908
-10.205244	57.39448
-34.267082	-5.5926957
12.917601	19.895815
26.930407	14.937626
-27.948175	42.52509
-18.95472	62.93761
27.781315	-13.775741
31.153471	-21.33112
-10.710982	52.06334
26.59771	-12.886463
-6.532732	-35.67367
-32.91765	41.552715
-24.124994	58.62924
32.831875	-13.859755
-31.588997	41.904804
-18.602583	55.366432
-33.074127	46.072987
-8.579559	4.3928175
-27.179781	13.880918
24.865067	-26.794296
-9.174531	25.614992
-2.4607544	-29.125067
-38.80567	10.130956
2.1698904	-16.854042
23.296858	-14.091136
12.269708	-16.331623
26.122534	-24.759102
38.12462	-25.026865
8.7362995	-57.63098
2.80636	9.357115
28.544804	-19.060556
-6.828908	16.67573
-13.659011	61.48016
-7.843729	9.915524
-5.1578393	-26.434792
18.282364	-44.22791
-2.0703368	15.146204
-2.412622	-24.173376
-28.717896	-13.627031
-2.0409446	-27.140919
-33.19461	14.806674
3.1051233	-0.19407906
-37.92147	-3.3167686
14.519915	0.9671155
40.292435	5.989754
8.351233	18.208195
-1.3961186	16.160221
19.862442	-30.272097
11.335553	-9.992972
-17.653309	22.6617
-20.639643	-25.92649
6.6688633	-46.2688
-16.284307	64.95123
17.562042	-31.698248
26.859676	-32.964188
3.7192569	-58.508522
-9.732789	-3.5266216
7.2558565	-55.571705
27.569408	-26.719198
26.070423	-13.981566
-33.85929	-7.0207815
-22.314125	62.756893
-5.747981	-36.923996
-22.838215	57.601254
15.779147	1.5971233
-15.9443445	14.707442
-13.725183	41.369442
-23.544838	50.020958
-8.342276	26.33727
-1.6820996	-23.820902
0.60693675	-17.777706
-0.12997146	30.314419
-31.521946	-5.203879
23.611536	-31.09263
10.688423	-56.83383
-6.799655	-20.717497
-37.39612	9.409723
4.8245177	-33.993137
3.1779583	30.958708
5.0836306	-18.371319
-6.526804	-38.124287
38.609768	5.18712
-20.724545	50.800858
-13.498629	-51.484745
-26.130102	49.858517
36.541122	-24.154043
9.929468	-19.965818
-16.637875	25.006783
-10.307984	16.683382
21.88973	1.2635767
2.632358	0.40552118
-7.6354394	-12.226281
-2.488383	7.4425178
-11.933964	-53.93339
-32.932713	-14.0925045
1.7963169	18.97407
-4.358168	-33.36336
-32.854465	43.246735
-9.188686	-26.865955
-30.964815	16.45257
-37.65911	-6.288174
7.9966245	-53.553154
-7.0992694	13.882717
-6.646572	-3.673166
0.15098542	31.217764
-29.357605	18.8175
38.29841	6.213533
-26.923456	-2.5141585
-32.274117	-6.9033813
7.291245	-40.545635
-7.2860246	-7.1747
12.088243	-8.803294
34.421665	5.036655
-30.214823	-11.544669
-26.459503	20.79776
-12.979706	-53.336
-19.500341	-7.190484
-28.129314	41.452698
-13.126745	-50.23939
17.16761	-19.59641
29.779722	11.69136
13.935142	-16.530918
27.49882	12.893012
16.486485	-29.110647
10.369391	-51.818542
28.890285	2.1711533
30.446836	3.445495
9.987226	-55.068016
-19.682072	44.86131
28.962847	-56.92454
28.794054	-59.118397
5.6525435	-4.4054117
4.4505105	-30.616014
-13.73991	-22.431917
0.5880733	-31.450338
24.437393	-14.519618
3.955078	-19.10072
-8.980508	-32.537846
-26.540184	48.686974
-20.83128	24.15464
13.98589	-54.887196
-34.008873	-8.497088
-11.86056	56.75556
34.46571	-30.830008
-2.673295	36.76002
-8.084875	14.267723
-32.170628	45.64001
-3.9523065	-11.14839
6.128898	-51.630886
38.120327	-23.918747
9.570444	-60.276
39.62921	-1.5208465
2.0676658	-56.974236
15.546523	-54.328434
25.827751	0.4565981
-15.457558	64.965935
-18.981607	51.11759
-10.493032	-49.756134
-3.7008045	-37.294586
38.4294	1.1356577
11.152535	-61.0724
0.16790093	3.067448
29.935928	-22.319155
-0.3114203	-43.039032
5.2015357	12.576699
-21.63278	24.75818
16.39874	1.1465415
-17.767303	50.736065
12.8670845	-55.774635
0.47461686	-40.269905
-1.0599461	-11.506749
-30.60124	39.84219
-2.4502592	14.305549
5.485271	25.983
-1.846087	30.002619
13.562728	-49.614758
22.284155	-34.108444
-28.926884	35.11516
8.034717	-61.64594
-12.344885	64.43074
-37.05277	10.381401
10.355806	-44.938606
25.667307	13.5604725
-5.2107863	-53.166306
-11.451153	22.368147
-4.621621	55.71271
18.359655	-18.315498
33.29199	5.081522
0.8418534	-45.98249
11.261965	-38.69343
-5.7030473	29.28704
-36.258503	9.277415
-27.51068	-2.9324324
-8.609644	-25.317696
-0.28280684	-21.818073
-6.802134	60.689396
-16.164595	49.99101
-37.092262	-8.843099
-4.8169303	62.129425
-31.100008	19.438736
5.8551664	15.766182
31.956661	-13.545847
-9.696816	5.140516
21.347784	-15.860803
-20.474142	45.52509
20.519331	-6.8889036
24.038912	-28.003944
-13.190382	-24.273518
-8.109612	-13.267506
-7.438335	38.08849
-30.635704	-8.279955
7.3107285	26.347418
-33.049503	18.1752
9.940627	-24.160624
6.676132	-58.241776
-13.109534	-21.828203
-8.00239	-32.574432
-33.334538	38.237118
-7.7975316	60.234875
-4.228954	-31.781967
-20.085545	46.32222
8.061717	-51.91535
-6.7421217	37.72871
2.463545	15.246171
38.912045	0.110942386
0.3624759	-27.390217
-11.929174	20.963928
