-3.2992713	-16.51514
7.252931	-0.6201697
5.545279	-8.736355
-22.16084	10.6912565
-8.501685	-9.117233
-7.6639056	0.53043145
3.4721003	-8.226043
-9.081939	1.3108253
9.10135	-13.394666
13.395912	6.330922
2.1020784	-20.399
2.0268817	-17.21016
4.652218	-8.195979
6.432753	11.278172
-5.4751134	1.8763748
-22.381664	9.273468
-22.430256	5.884796
-10.649094	-6.4548435
-2.4563913	-16.317835
-11.689093	-12.421509
-7.8061304	-1.0429829
22.0292	0.37067646
-13.061743	12.50786
5.2334595	-18.803333
6.4205894	-0.8373294
-17.145039	4.616044
12.127243	-12.290287
-10.871584	9.770969
21.521507	-1.5938549
-8.840781	6.884681
3.7158594	5.2001853
-19.661314	11.950721
7.4313493	-12.079585
-3.718207	15.749879
-9.492272	3.0348685
-10.795612	-14.382072
2.814252	8.955479
-5.618016	-16.611807
-5.4837613	13.688136
-9.52537	7.3994355
-12.892256	-7.038098
-1.489584	-17.376392
-18.745832	9.456223
-6.4319863	2.8797898
9.126155	-6.8169217
3.8083754	-17.976658
-15.278605	-7.295787
6.0962024	-10.018637
-18.320087	-9.788285
1.8951261	7.092427
-16.141748	-6.801407
-14.91935	-9.838484
-3.5206025	-17.71954
-15.954477	5.4577384
2.23824	-15.208199
-4.1593723	-18.309263
-0.09128191	-15.734177
-14.142462	-9.962041
-10.600196	10.937114
2.7974796	-20.233187
-6.0127325	1.2737628
19.74676	1.4649898
-8.763545	1.7260517
18.7596	3.1772625
5.7183976	9.642262
5.5522933	17.75535
17.635725	-9.132448
7.451611	1.1744431
-14.5341625	12.904902
-4.5410557	11.779916
-2.8490467	15.997926
17.91019	3.1986449
11.930933	4.7637577
13.018838	-15.908097
-23.178635	6.79127
-5.7005353	-0.6194865
-9.378087	-13.369036
-16.545639	-4.498288
-9.658673	6.2880774
-9.272779	-9.175569
21.166897	1.4024189
1.7171144	-18.449558
8.090684	-5.434847
-5.4746714	3.5610697
18.679516	-12.080415
17.427616	-8.104593
-17.115015	-5.262956
19.141254	-12.723321
-10.744353	7.9959974
7.594891	14.228503
-10.939956	10.321907
-4.159572	14.644186
0.007406858	14.458328
21.996431	-1.752323
10.809681	-17.06978
7.8616414	1.8079507
8.894494	-5.0284433
-13.9843025	11.097883
19.717958	-12.4103365
10.916464	-11.441375
8.254357	-0.95557916
17.195477	-10.050272
-9.70186	-15.536583
12.193587	-12.997015
-10.46162	-3.0819843
-11.803462	11.59759
20.390226	1.6518465
6.241882	4.765443
-13.1973505	-9.848431
1.4088619	-14.686523
-24.629654	5.288079
-10.457203	-12.2804985
4.7262745	13.419784
0.8003509	-18.26626
20.012117	-6.7712464
-6.7596955	-1.2418926
-8.586095	-16.14745
19.168571	1.8164632
-21.865885	9.854666
-7.5933228	-2.2186139
5.6029572	18.65398
-12.713506	11.47717
-21.722878	5.4320526
20.023926	0.05515336
-11.095579	-13.4604225
-6.478381	3.7801948
11.242972	-12.456267
-18.665466	3.9552004
10.92324	-0.3497419
22.515707	-0.6348609
2.5957873	-17.611073
6.495349	14.534561
-17.704021	3.3896513
-5.1803317	-16.068857
20.60616	-10.53197
2.5897489	-13.355914
4.1448126	-19.415092
-10.556675	-11.240698
20.55599	-0.40465006
5.3591	-11.590744
11.980567	-0.56233996
12.253545	0.80254525
-7.642413	4.7232304
-16.868189	5.120098
9.904311	-18.368177
19.447048	-11.513158
19.314428	-10.787043
-10.389383	-9.386785
5.021493	16.017532
8.431212	2.9690883
-15.370058	-8.569207
-6.5954957	13.618371
-17.452194	-6.2572637
17.39881	3.9897206
3.8223479	-11.605887
-10.466178	-4.1635633
-22.978647	9.468379
-7.949055	3.302047
-9.131504	-4.157944
-20.475355	11.635822
6.233609	19.020876
4.272748	2.3906288
3.911309	4.2466125
2.8709018	3.196437
-17.3482	-6.9266877
13.567545	-13.561934
6.3685865	-17.223248
4.664709	15.402627
-11.635448	12.751766
20.407713	-11.229989
-13.392543	13.735607
-5.1730103	-3.2303832
13.696032	-15.174136
9.816344	-11.69918
-25.38597	6.364482
9.670921	-5.6186194
-0.39809614	12.551881
-19.53875	10.41265
-21.065092	4.825006
-4.744311	-17.183512
0.6980687	15.010418
21.616594	-2.7517173
-10.333308	-2.3687057
-17.063791	-8.42162
-5.49835	-1.5208576
5.4695015	10.314972
-6.494931	-6.5151777
-5.4685974	-7.8022447
18.708311	-9.305523
-22.349216	4.173854
-13.902101	12.524146
-6.5415697	-0.14104618
20.843094	-9.782036
15.0364	2.0270627
-10.81262	1.8805077
2.1154425	-6.418488
-18.371147	8.993288
-6.142775	-9.6422615
-5.9101768	0.5071719
-10.236215	1.1309241
6.0424004	3.411231
4.778056	18.502993
-5.192884	2.5424144
-11.613855	-8.525752
22.336832	-2.992912
9.602904	-13.786785
-21.310368	10.079391
-17.211798	6.632435
1.4627128	12.0085945
-6.33097	-16.55433
0.53364396	13.869056
12.582999	7.3758554
5.917734	17.043009
11.845446	6.577031
0.45448655	-19.071676
6.6125937	15.666288
18.234636	-7.6145787
-3.8150516	-17.036156
10.917781	-2.058486
18.794924	-7.151434
-6.1668158	5.103897
-15.595863	12.463156
-9.932172	-8.226743
-24.746475	7.337589
5.940548	0.5566868
6.4282455	13.680781
2.7967155	6.514656
13.917173	2.93233
-3.212539	13.760038
21.651264	-8.535834
2.8188949	-21.76941
-14.79262	13.482703
2.147363	4.3127737
9.249528	-8.508515
18.30127	-13.569435
8.848347	2.2233245
-17.75754	5.192298
-4.0729995	-16.377087
4.1519003	15.107456
9.17739	-14.52985
10.753647	-10.549088
8.1411915	-6.4555655
17.443962	-13.62389
-12.329009	-11.079322
-3.1524649	12.853057
-10.947681	11.8953705
11.111481	-14.361067
-4.5515337	13.20233
22.385134	-1.2876093
2.8199923	-6.353027
-17.531435	-10.584344
-11.738763	-1.6287521
0.88266915	9.784105
-9.85603	-1.1364373
15.860384	2.0732996
5.019775	8.090622
11.4004	-15.118648
18.050282	-12.824077
-15.693802	13.277319
6.886993	3.9568105
-18.922798	7.0993743
-7.8261213	-3.8168259
-23.808619	5.010042
6.842457	1.5467476
-0.3582542	-19.942614
-10.12064	-14.732302
4.7162514	-20.816105
-9.405524	-1.9104831
2.5698986	-7.4249287
-20.148058	10.988421
11.171048	-8.801505
17.67045	1.9347334
-7.0320253	-8.26981
3.8062735	6.170977
14.085072	-13.9406
9.035365	-18.277456
-22.232054	4.9508314
6.334232	-19.112522
6.664228	-2.935295
-4.98211	-18.215593
-16.196619	-13.561807
5.212448	14.745176
16.555166	3.4698012
19.223577	-14.519691
5.86084	15.970061
5.2133284	1.7902942
20.124107	-8.678303
-7.5407085	-6.401042
18.984358	-8.609591
3.979269	9.9782295
12.581957	-14.270887
-1.6301721	11.012724
15.397196	0.86889094
-24.700775	6.560187
8.754859	1.0301299
-11.55718	-10.68916
3.3615599	13.908643
9.641554	-17.745155
1.5180184	-8.296272
-18.367552	-8.578858
15.676799	4.3060164
-8.898558	-1.1826746
17.010628	-14.498778
5.649955	-3.9511836
-9.002379	5.8693323
1.627572	-9.5972395
-9.698515	9.708206
9.561524	0.22502974
-7.0986004	1.0032594
2.675349	10.596353
19.76181	-7.402706
-2.920531	-17.169273
-3.730718	13.002733
-4.880738	-0.18991159
8.024581	-10.490254
14.29521	5.7168655
-0.21632421	16.597544
-10.226876	7.466072
1.0012203	8.200374
7.823931	0.34125307
-6.95325	2.2888818
-14.154282	-7.7285953
-20.118002	4.639554
17.969759	-9.933933
20.689604	-1.8626536
20.320202	2.3105388
-21.327082	10.981683
-2.8139756	12.064934
-5.436086	-9.659992
-16.814384	-6.3019977
-22.629696	11.055217
13.926126	5.0904818
3.7459822	15.885367
19.366804	2.576872
9.361748	-19.113247
-9.05693	-14.560019
-10.235294	-5.3895574
4.826864	4.3215885
8.377356	-18.58488
9.455965	-10.908674
0.4254108	-10.682001
-16.831343	-10.462509
-14.031934	-7.0566983
5.714854	5.7499213
3.6639557	8.765972
6.7649508	-12.89553
12.520605	1.9688333
-15.324042	-13.785059
-18.179493	5.801067
21.348738	-0.77687705
0.92323506	-15.675414
16.993563	-9.08654
-1.7985439	16.578423
-13.147828	-7.6155305
-10.32866	3.0055423
11.700613	5.4140086
3.1140838	-20.926683
5.461572	13.176297
1.0870515	16.827234
-0.5681762	15.46072
-24.081274	9.289805
3.0472748	7.4962807
-0.5735244	-17.813461
14.628452	1.1585808
18.953304	-8.004878
2.8330152	-8.592745
-13.156061	11.977708
8.610373	-2.4634945
16.555937	0.7167318
5.1670375	-1.9650745
13.947045	-0.3087933
-9.256672	8.305355
-17.734745	6.749837
7.4336395	2.5909832
11.5598755	-16.694927
0.011581411	-21.056952
-2.605934	14.663238
10.215112	-2.243561
-8.256783	2.4482908
-2.1362891	11.996679
-1.7578316	-15.109429
-7.722756	-7.006963
5.071367	-9.665196
19.927921	-14.139115
-14.390085	11.843821
2.5793307	-5.472742
5.213681	3.822801
-9.556289	2.2120237
-12.860768	10.864355
19.673666	3.77484
-11.647176	-0.9105412
-17.883608	-11.530661
8.678368	-11.703612
1.7553109	-7.8198376
-6.3512025	-8.821736
11.459229	-1.2294238
-7.596294	-9.531942
4.163386	14.4908
-16.967834	-11.877002
-16.839518	-12.754629
-9.261527	-10.117389
7.130946	15.423114
4.4807167	5.8025336
1.8019569	-21.353947
-21.343178	3.8801415
-12.425179	13.061864
-19.370611	3.9886682
-13.56367	-8.53803
-5.386361	12.649475
-13.114558	-9.118696
12.13958	-14.771092
20.83322	0.77516073
-18.964996	11.376059
5.4027333	8.69507
4.1347346	-5.86971
3.1969388	-18.41021
10.149998	-9.360983
22.90145	-1.9285946
11.201659	-13.680153
-15.711336	-9.134699
-1.4809119	-18.51198
9.33949	-12.587039
21.426167	-11.155154
-10.297126	-13.237135
4.096115	8.191512
-4.047594	-19.068567
-7.004753	4.6990476
10.17604	-7.5761395
4.151832	-17.280067
0.42419258	-17.403456
6.2169113	7.6635957
-19.64856	5.200393
7.684224	-3.944017
8.818212	0.041954666
1.8396227	-19.134514
-23.073177	10.369427
21.841812	-3.7659838
-18.360695	4.83632
-17.560278	-9.271939
3.1808743	15.276002
-24.292513	6.1468782
15.7207575	-13.900175
3.4300253	-16.991667
17.8152	-11.699762
4.596261	8.880397
-0.7594469	17.147722
-23.77647	7.0216575
-7.8552136	7.6651335
-13.364763	-6.478414
6.9445944	-18.744427
-20.765867	3.6751187
14.806556	0.1615795
3.1448433	-19.515291
-1.0651748	14.785917
13.145637	4.9299455
6.3447423	-8.701289
1.9281195	-14.488119
-11.96643	-13.544289
-7.2256913	6.0512466
-4.9034038	1.4957926
