-41.870766	-20.033258
-32.083157	35.11642
-31.001318	22.242798
5.6768155	-2.5598502
-38.896526	10.074373
59.8242	-36.913376
61.4725	-21.569038
-7.215115	30.219677
-18.997719	19.664444
-31.695786	11.694147
-23.886301	11.965617
5.8051395	12.344706
23.11822	-27.913792
29.716482	-37.815098
57.0543	-34.236576
-26.564993	23.559004
-43.984833	22.756163
-36.026764	33.132393
-38.81053	-12.014688
-12.4074955	25.738207
-35.699944	-10.333057
6.7242355	26.55589
-34.628414	7.7071376
-5.7160172	-4.640724
21.75624	-29.232632
5.973551	2.5554297
0.7206279	36.503323
33.359356	35.985336
-17.334435	-40.14741
-3.5440269	27.795074
-21.067217	15.243167
-16.31297	21.038322
-4.431495	-19.22274
6.1036196	-1.4399657
70.72696	-23.868694
-44.224857	20.65386
-31.280987	-21.14193
-33.68364	-17.37927
-39.624557	-12.729153
-39.232834	10.861
24.320341	18.12188
6.9291177	13.394053
-40.07159	-16.328888
28.858084	-19.138014
-8.838873	33.89691
68.16439	-23.981575
-12.076657	23.860357
27.754225	-8.062054
-45.994457	-19.68709
14.979078	28.309557
58.99908	-33.389576
-15.36022	-36.92676
-11.096592	33.362762
24.21481	16.788927
29.693197	-11.62964
-28.485435	13.69461
-29.224508	13.665145
24.670324	16.157745
-27.217583	29.61853
-5.064575	-18.435852
25.229868	-13.178881
29.721642	31.875795
-3.8175166	33.059814
30.142113	-23.599878
18.332653	25.52352
34.515846	-21.646551
31.395445	-26.547356
59.921562	-29.220533
67.92379	-21.854273
-42.094395	-16.116114
57.014286	-34.884274
-33.68844	3.8699095
59.076378	-27.27274
-36.348614	0.42286155
8.310039	2.2409601
-29.025349	35.844456
-6.3709664	-5.7455797
-28.598433	11.590147
-42.94847	27.338299
-39.016193	21.502916
32.63091	-12.126748
-39.006256	-20.732815
-48.53067	23.22035
-26.04266	-18.008163
-24.888172	-20.528517
-27.041553	-13.5909
61.14727	-36.384724
5.393283	1.7380428
29.846634	-31.545328
25.519701	-27.073235
30.561584	-29.577948
58.268753	-38.33876
-1.1696074	35.384228
-1.2407495	27.313227
-48.54751	21.632793
21.820457	24.081547
-4.7362056	-5.756895
-38.651646	-16.600515
-33.93115	-8.119001
-19.433617	30.081331
-30.248226	-20.667532
57.265495	-39.299324
16.144672	25.876133
25.785818	19.313492
25.772758	-30.75457
18.060719	27.306562
16.356565	21.11969
-28.21628	28.836401
20.588081	23.60114
-34.901867	13.717617
23.32198	-12.712827
-22.52641	32.74994
29.166437	30.719872
56.833622	-18.98238
23.10961	16.358528
-15.949528	-40.381523
-17.706362	-2.2419045
65.6698	-26.344418
32.236828	34.036175
62.555458	-27.735151
21.65623	-27.849422
-2.9896524	33.13102
-33.76892	8.403957
33.91482	-23.166805
-8.253926	-32.6489
29.90719	-29.932087
-4.825914	-15.44989
-8.438063	11.135289
-40.475132	-17.711824
-45.322758	-22.132406
63.499123	-26.711184
34.433376	36.442192
21.156992	-16.542843
-27.672386	-11.852932
-18.686268	41.23678
60.716614	-24.29339
-26.697721	13.708722
34.346024	-28.814548
33.40755	29.449785
67.82005	-24.777859
-3.544754	-13.580153
-36.725075	-21.868975
25.668674	30.93003
20.049828	24.321745
5.752243	26.99865
-26.232958	-20.337795
-4.765624	-11.928678
16.442709	19.681921
20.151457	-17.81684
-7.5433445	-6.12689
32.54011	-34.20168
59.032288	-36.91485
-39.325916	-21.97149
-21.931553	11.842746
22.287405	-25.923346
-9.018583	20.063704
-26.13388	23.389248
-36.435684	-8.681712
72.26665	-23.835724
17.517439	15.319158
-11.301045	-19.926573
5.6690545	11.827841
66.56787	-20.443794
-28.636742	22.555092
-38.175873	22.738169
-32.524487	16.060297
-10.344052	11.595278
-48.128925	22.148968
14.052523	23.780102
25.816471	22.091255
-31.200384	27.386347
-17.592113	-3.379182
-17.053911	-42.27569
-16.853191	-3.8790367
25.965801	-10.95517
-18.755884	41.13419
19.529747	18.22368
28.016796	30.084787
27.35667	-28.076254
-12.828281	-37.405613
-17.365366	17.229824
36.524128	33.44589
23.579754	-30.508442
-13.302484	22.846052
-35.823498	-11.185557
55.241814	-34.72161
35.573074	33.87655
-11.7483225	11.194937
-35.283337	29.129354
20.649954	-29.973562
-3.7037299	-10.440982
59.295246	-35.035835
-31.909807	30.646093
-11.008933	-39.499397
33.190285	-18.850677
25.13807	18.556513
27.857893	28.568113
-34.47711	19.323341
67.36453	-22.584707
-5.7834024	-19.87209
36.947716	-24.486698
-1.7707415	-16.931335
34.223866	35.176353
-39.900043	20.774605
21.189848	-13.973608
29.613499	-13.128672
-6.4198403	-3.3298829
21.316193	26.088133
-12.015247	-37.15498
25.89808	-35.976353
-19.738913	28.758999
57.55162	-27.182901
28.439949	-21.636494
-35.570023	8.055423
62.49983	-26.323719
-29.791464	28.037575
-23.39252	-17.403564
-11.946871	-38.24324
-38.883034	-24.70376
-8.004446	-35.248814
-25.77841	-14.883659
16.125904	27.174976
-37.531425	25.719252
-39.329422	29.44813
-11.079534	-9.957009
-40.209026	27.18228
30.181751	37.235134
-36.299873	-0.5444749
-21.56209	30.42431
-28.342785	27.731466
29.638052	-33.117416
6.683447	0.43414232
23.312422	-27.313215
25.7612	-32.79239
-17.034191	-36.453682
27.015194	28.077454
-35.894524	4.008814
27.670746	-13.359585
28.332127	-27.774164
-19.848055	16.80756
-44.353634	23.859653
21.33442	-14.721932
-46.793274	19.814222
-24.788193	34.487225
28.52192	-10.365121
28.167196	-36.952095
-18.080105	16.26983
24.276842	-11.045387
33.933186	-22.488539
26.66724	-20.470474
63.581345	-23.781532
29.035612	28.957024
-33.9657	25.915215
21.645748	15.63224
-2.0522528	26.38485
-32.0843	-20.551643
-30.827675	16.516747
62.320396	-37.142643
-41.660088	4.6098213
-40.56298	28.449188
-48.608944	20.083158
-4.764771	-13.53634
-25.377707	-17.91181
61.478077	-38.525845
19.369215	16.74994
35.860302	-23.894398
-21.364132	10.408957
-3.1311648	30.607084
-34.286064	34.621883
18.85223	22.874784
-3.8013551	28.965609
-8.393113	-34.626408
-2.1992235	27.798632
31.746561	36.87186
5.4243164	4.5156674
-28.226515	-10.302859
-13.423358	12.275609
66.83682	-24.389948
22.652496	24.457458
20.446924	20.961214
-35.709564	29.758638
-35.276672	33.549114
-35.014214	-5.4245
-0.62846446	36.08836
-2.6526291	-4.275115
31.077513	-32.90398
-32.56119	24.437
-32.085808	23.515234
-8.358335	-12.408237
-20.705593	12.715485
-5.822055	-13.86756
-41.125652	27.100128
-42.780212	19.422802
-15.927718	-37.53873
30.128733	-25.839073
-24.287579	33.935085
29.733105	-22.856749
-6.1591277	9.879496
-39.400475	-26.068317
34.74897	-27.50415
27.380083	-10.082844
-46.277363	-20.386148
-4.556039	28.288681
-30.502954	17.587576
-41.350456	-17.950668
-18.836649	-39.403076
-37.668034	23.66941
-3.0519693	-14.878981
-42.039814	4.0373383
-34.778263	-19.617697
-11.927216	-20.041826
-37.972595	-20.081844
-32.716743	17.2455
-6.81516	10.28045
64.25102	-25.41974
34.58329	-16.167612
5.296242	3.1701615
28.591639	-15.425724
-49.892952	20.057627
-26.22601	30.364689
-35.874626	-5.067795
-38.27834	-10.747154
58.029037	-34.84665
5.0137873	6.2067256
-32.792248	9.504546
-27.100767	-13.02829
7.6501775	0.15856849
-8.244556	-31.85201
-37.32341	-23.03504
-14.307528	25.2784
25.324144	-19.297264
-13.102907	21.752954
35.157627	35.173885
-16.700935	-40.845016
-5.4902263	-16.185574
14.531196	18.961027
-22.568932	12.6142645
-42.363087	-17.919464
32.918175	36.988525
65.32611	-24.7433
-26.537937	-21.682817
-14.85311	-38.30452
20.583073	12.308933
-33.891525	7.0954056
-26.52299	14.495331
62.72344	-21.60923
-10.453435	-35.838936
26.561047	30.982864
6.699841	1.8143024
-45.127033	28.26236
23.904383	-13.741726
8.319754	4.9665313
-31.324724	30.469427
61.07396	-22.96129
-28.710957	36.758698
60.73447	-19.987976
-36.66311	30.516466
-5.786602	-17.547468
58.216866	-29.526867
59.524387	-27.208239
-4.0903587	-14.388949
33.464046	-25.371765
-16.672173	-3.1088772
-17.72789	-4.619758
23.672832	23.686178
-18.962143	29.41704
-8.785569	32.384453
-10.060326	26.054613
-41.423313	17.866798
-33.76268	15.560374
-16.094572	22.053587
28.570538	-13.71716
34.34659	30.099745
-3.111704	-18.670279
-13.816916	-38.148132
25.71906	-31.78146
-14.6043215	12.46639
-39.2169	-23.047571
15.333761	19.275173
30.49867	-10.814087
-35.23528	12.678835
-7.9092383	-19.136003
-49.83237	21.133572
-4.9637628	-10.534684
69.657234	-21.158577
-11.297073	-10.340898
4.8043566	26.359024
60.04379	-33.143414
31.220165	-33.560345
34.817818	-17.298765
8.431256	5.476489
-22.568756	31.678736
70.5092	-22.958523
-5.3205557	-8.884755
-26.992846	-19.531088
-44.351357	27.809414
-18.68384	31.335266
14.591108	26.37649
34.50745	28.956434
61.95224	-35.2887
35.905167	-17.70791
-2.421698	-17.521452
-8.800384	19.509556
-33.94157	18.425219
23.45819	-11.987216
16.931227	22.620232
-46.777218	-18.098995
-40.785988	-20.582888
-27.7147	26.338627
-2.9596403	31.838688
26.73648	22.062418
-2.2992656	-9.528522
28.89233	-33.668785
-34.344467	-20.200495
-3.749194	-4.2958603
-36.602997	0.9093236
4.1291285	0.7171507
-36.013172	-7.656451
22.166792	-24.612629
-41.30031	29.877224
59.453217	-25.007011
-11.513147	9.48613
31.644976	-10.224404
-45.257294	-21.35597
-35.841053	-19.40882
-17.958138	-35.226654
-8.779726	30.458244
-5.0007367	26.782316
20.796513	-30.641428
36.870365	-20.31502
-13.184827	-39.596546
25.28793	-36.211422
35.386036	37.51569
19.501322	25.709038
-18.53061	17.205008
-37.771008	31.936993
-28.07618	35.47259
33.85108	-17.518925
-39.767986	11.611835
-34.51	25.529062
-11.460318	33.68647
-34.31605	5.1843567
-43.26764	-21.586037
-29.572071	22.18807
17.222414	15.120354
33.422287	34.135174
-22.96481	30.861523
-7.10122	-12.148758
-9.329239	33.64865
-14.527395	23.439966
24.269644	-18.398735
21.864647	-30.567198
-14.461903	26.058048
32.840893	-26.364565
-7.186039	-17.558075
-40.66762	-22.635605
16.015596	25.161266
70.05065	-21.934952
-16.720108	28.104252
-35.987362	-9.430571
