21.34019	17.974394
28.041739	-20.214512
12.762226	48.35274
-2.5842335	-26.255909
16.98467	18.394299
22.219019	-17.25936
50.76673	-2.830102
-27.741568	24.222614
2.1873329	-14.173203
-31.326159	-14.621911
-42.25566	1.1071872
-1.3501502	-19.91385
-38.085705	21.967623
-2.0881896	43.988583
-46.726707	11.588671
8.599613	-11.508427
-33.001205	-10.071138
1.5522206	-14.791487
-36.4435	22.767704
14.473235	18.839697
-44.181206	3.5886328
-2.1698556	-24.597448
-32.45396	-11.288069
42.938023	-20.140934
-41.8257	0.65024126
-1.6201098	-20.854923
44.63254	9.862582
-23.874023	-41.531086
12.222872	48.443745
-28.308315	24.177834
-3.6669183	-38.514412
50.250496	-10.862587
-11.302503	-45.365555
-30.593576	-21.938223
47.834354	5.670873
-46.572525	8.578553
-10.507322	32.855778
-34.884613	-6.949857
-29.88185	-25.144627
27.40422	-20.183788
28.020502	-20.546162
-9.052548	-44.50127
-13.932344	28.712307
1.5858164	-14.752238
-29.147964	24.09966
-46.03167	14.399831
34.619385	16.717794
-29.783737	-26.02844
50.711487	-3.449306
-29.56278	24.057379
-38.74558	-2.3540273
0.0039787223	46.1309
-28.583067	24.152369
39.48001	-21.538153
44.83858	-18.894762
-46.20328	7.557707
-46.7343	11.247657
25.464334	-19.228207
-34.10765	-8.178606
-42.254723	1.0990374
-35.73099	-5.8326826
-7.2464356	37.56023
-17.298445	26.323324
16.917015	47.526432
-21.821428	-42.939095
6.8673944	-11.803373
34.89341	-22.32231
32.028336	-21.910154
12.882839	19.129347
-6.9215918	38.012817
-34.488552	-7.8211904
43.59527	-19.715992
51.09492	-3.667481
51.05039	-4.360242
42.21179	-20.532043
40.15973	-21.35924
26.743015	-19.936802
-34.122765	-7.782523
15.17748	18.698614
46.16579	8.242628
38.65204	14.686677
-29.082989	-27.82775
-31.451801	23.848234
-25.200417	24.106718
-42.548023	1.4278213
44.361893	-18.934803
10.6921015	-11.7318535
9.121053	-11.270547
-11.086725	32.050217
-10.398637	33.020596
33.436096	16.893501
23.379412	17.73124
-14.014722	28.634117
-20.712652	-43.577305
12.026888	19.191027
-19.04455	-44.323666
19.755909	-15.644685
-11.99399	30.584425
-41.15795	-0.0756272
19.216393	18.168608
-43.389324	2.8304987
24.2758	-18.516743
-8.167294	-44.04418
-1.9577029	-22.667908
-39.13951	-2.2689786
-0.7649734	-18.214174
-23.099188	-41.895115
5.234148	48.027466
-2.7251709	-25.74483
-25.449091	24.675856
-43.056805	2.0209405
-10.123723	33.434895
-2.3621733	-24.717585
50.36574	-9.830463
19.15948	-15.267437
6.163108	48.291824
48.858547	3.4060502
39.753834	14.009469
-2.1234741	-30.94441
-33.867508	-8.512991
-46.27969	13.784991
-11.86335	30.96619
-13.289921	-45.67299
5.4859443	48.11228
1.5339373	46.544727
-15.667461	27.412178
-36.488678	-4.9470057
-12.748791	29.938793
-6.6670346	38.740795
35.73837	15.879327
-13.24315	-45.45976
-11.258351	-45.36144
-32.099792	23.813091
43.859184	-19.197958
-2.2542336	-32.326145
22.248596	-17.252329
-46.719673	10.444121
44.360195	10.309322
18.876064	-15.095185
11.826368	19.437473
-31.536032	-13.836501
-18.570276	25.67697
-3.7886088	-38.856956
-19.963955	-43.940224
-6.2661295	-42.298668
-26.292349	24.43537
-0.15237306	-17.576782
-24.319777	-41.113075
-8.154116	36.586777
-5.802712	-42.322212
-30.244074	-22.523144
49.4224	-12.408158
36.163864	-22.2383
-30.365213	-21.970701
-24.165218	24.41677
51.033066	-5.5101748
37.86706	15.080472
-31.11168	-15.744354
16.585228	18.5551
-10.542257	-45.14137
49.065125	-13.077342
-1.7823946	-21.650656
32.50389	17.225397
7.949925	48.71078
16.648458	47.635017
-46.898655	12.593284
7.296963	-11.715838
18.480906	18.240732
28.592972	-20.608526
16.0608	-13.647488
50.93649	-6.407282
23.620949	17.905516
15.96182	47.351696
-44.137318	3.180796
20.771069	-16.51465
-2.1350925	-25.421871
-7.3737	-43.56502
-2.2973487	-31.334099
-17.620247	25.995077
0.5769099	46.43032
-40.268497	-0.9863798
-2.0853395	-26.074337
-17.820318	25.950602
28.507751	-20.89441
-43.667004	2.4890423
-26.199883	24.203678
-2.7005603	-25.582518
16.44592	-13.612088
48.541466	4.535526
-36.896015	22.897953
9.508615	-11.268558
3.5741272	-13.152266
22.053892	18.112541
-7.111403	38.31178
-24.95151	24.527176
21.7275	-16.879896
-2.0703123	-32.64036
-4.210691	41.707184
15.847765	47.849674
33.809124	-22.55264
41.484024	12.854382
-32.81924	-10.686882
-12.136629	-45.562656
49.58141	-11.724188
-45.9653	14.544783
49.75245	-12.061088
41.423214	-20.919325
11.009754	48.599716
-3.9266815	42.19725
-10.6554985	32.652622
14.463124	47.987865
9.097715	-11.728842
33.768013	16.92881
-38.543694	-2.7689404
-30.613386	-22.71364
-38.543438	21.924948
-46.324944	12.478884
-4.355019	41.855446
6.2123446	-11.984332
-6.1482058	39.428837
35.219936	15.905846
-46.641514	9.318029
27.440243	-20.594286
43.230537	11.4648485
36.25263	-22.22658
49.54314	2.4508991
-15.635358	27.037975
51.066914	-5.163529
18.764545	18.210701
8.979912	48.61554
10.911691	20.481531
-5.490173	-41.88181
-35.93494	22.929228
-46.726868	12.201956
-2.995934	43.141525
-12.561347	-45.629047
50.788464	-7.6346483
33.109547	-22.33804
-12.0743685	30.933407
-30.08569	-24.659832
-12.74435	29.945698
-36.975597	-4.4092283
-2.072942	-31.476131
-1.9742817	-25.768684
36.98016	-22.105808
15.007845	47.86188
-40.22894	-1.027883
-37.77314	22.071466
-30.203869	-24.010273
-46.719234	13.027861
23.829468	17.746958
-6.2974296	-42.662807
12.812345	19.438408
-0.46160337	-16.721214
-3.2451186	42.89285
-23.593304	24.520416
-38.29908	22.740559
35.39381	16.54305
-30.783556	-22.18359
12.321882	19.698895
2.868267	-13.631156
-7.4303107	-43.705307
-21.509165	-43.124744
49.40989	2.6624138
2.146662	-14.19822
33.897106	-22.003147
-22.652569	-42.46356
16.569721	47.017982
49.822742	1.449682
-23.928684	-41.86596
-16.17058	26.83913
6.7340665	48.52453
-39.96323	-1.3226104
-23.43025	-42.14642
4.3991947	-12.732456
17.449533	46.967117
16.796818	-13.634425
-5.313193	40.505215
-5.9719872	-42.70693
-4.0683565	-39.728462
21.70742	17.684427
46.09787	8.330914
50.968704	-5.6205883
45.301655	9.125345
-2.3655376	-26.723341
-12.390309	30.41978
36.2227	15.8398905
8.007845	48.52572
50.05893	-11.466691
-39.2495	-1.9400494
-7.5346737	-43.488083
-7.4748263	38.05736
17.624113	-14.335505
0.232766	45.496864
0.37977841	45.5127
25.808159	-19.427414
16.2806	18.347942
21.02755	-16.246037
-2.271015	-32.99171
15.895617	18.727854
6.619638	-11.842468
20.677135	-16.251423
-23.789022	24.600819
-16.596222	26.570244
7.0626154	48.237095
15.560623	47.636604
22.47551	17.653942
-29.845018	-25.639696
-31.105122	-15.754267
-31.439316	23.846315
42.983295	11.680694
-22.292294	-42.637352
-17.055487	26.123093
-31.669695	-13.372897
32.633495	-22.190203
10.621743	48.634407
-36.96927	22.43778
50.678604	-8.350489
32.850246	-21.918793
10.804924	48.61898
45.29252	9.812493
-32.39165	-11.224607
40.927475	13.255119
-30.079582	-25.244509
28.002592	-20.96982
49.443104	3.5913801
-1.5786531	-20.679373
-2.026296	44.04937
0.15969071	-16.426023
3.3323576	-13.305027
-25.647371	24.052832
-7.61974	37.52481
-2.1775842	-30.220732
12.696635	48.36523
-34.564613	-7.3293056
-8.450813	-44.19099
-32.016735	-12.342263
-7.955478	36.868046
-18.743399	-44.41707
34.09459	-22.536877
0.99638534	46.361286
7.4583306	48.374943
9.851218	-11.527558
9.569406	-11.73337
-10.719881	-45.215992
50.746708	-7.9023433
10.306916	48.63696
-2.950137	-36.915215
17.194693	-13.916343
4.229356	-12.812146
-37.547836	22.73358
25.143972	-19.034128
6.083034	-12.045517
49.542843	3.2323093
40.8051	-21.151098
48.35581	4.7802534
-32.680416	23.646364
-33.018105	-9.988215
37.64053	15.210112
50.882816	-4.1679883
-29.59486	-27.417896
50.834846	-2.9033945
44.023075	-19.634718
-32.01609	-12.343906
-2.9525821	-36.940086
12.595988	19.010029
-46.34414	7.920354
19.5072	18.140734
44.912037	9.274548
-43.595997	3.16823
-5.229473	-41.48157
48.92057	3.1958504
34.09397	-22.077246
-38.43544	-2.8270986
-0.29213727	45.5502
-32.927193	23.59273
-14.157021	-45.566387
50.230858	-10.357094
-20.188812	-43.835014
41.802837	-20.73121
-35.348614	-6.4933457
-1.8892395	44.159027
45.765717	8.956739
-30.35385	-23.190802
21.725985	18.125408
41.048897	-21.058558
-3.323029	-38.46305
-31.24022	-15.014883
-4.5908895	41.419594
34.30031	16.48339
50.370953	-9.801552
30.305723	-21.377275
42.93116	11.721313
-1.4839996	-20.318903
-39.322372	21.891188
38.225468	14.7844715
44.545635	10.369973
-19.246548	-44.247887
18.416235	-14.82013
-29.134054	-28.130802
24.347557	17.748314
-29.582146	-26.9332
44.21997	-19.77328
-14.881716	27.832403
-31.32067	-14.745665
-23.511667	-41.39035
40.95545	13.235831
7.1498046	48.80555
-46.702362	8.918234
-3.4902592	42.64634
-3.302348	-38.847683
-13.180012	-45.85454
11.583899	19.821619
-14.328168	28.32392
-0.19466017	-16.82545
50.672195	-8.392467
0.17721437	-16.987335
-24.326736	-41.06734
-25.652409	24.66099
23.077341	-17.79094
48.99431	3.9346385
-9.888815	-44.892975
35.68603	16.329264
49.8611	-10.924841
-34.65179	23.208586
-0.017698748	46.110405
-46.351974	13.025724
-32.135387	23.705889
-38.69674	22.418777
-40.903763	-0.31369743
0.9411871	45.896114
-15.409165	27.28691
-2.403752	-32.717377
-35.21886	-6.337375
-32.5895	-10.516031
21.386423	-16.883009
35.05916	16.12216
22.73663	18.0314
16.422634	-14.097277
13.697892	19.00526
-0.55480194	-17.659355
44.632442	-19.359444
38.291206	15.051657
-5.7570176	39.94387
17.093544	-14.32352
-3.0536761	-37.370678
16.90265	47.068142
35.57607	-22.295818
-35.95514	-5.5717216
-2.1759324	-30.65798
-29.26114	-27.106936
-38.089596	22.685669
-29.391125	-28.035923
33.088104	17.077446
-0.67756605	-17.337637
15.813418	18.4519
-3.6169333	-39.134182
45.39409	9.730563
-44.015373	2.7054753
-46.449623	8.820616
