-6.9991	-16.714014
1.1550124	-6.873246
-10.953753	19.721127
16.425247	1.0063916
7.771014	-5.5263333
-0.31041497	-14.889105
-6.420352	-13.709569
-21.828743	-7.0008535
11.696464	-5.4558496
5.2084994	-14.730462
11.543868	-13.067983
12.878469	-7.0199256
23.044077	9.820997
17.708315	16.396183
0.329841	-19.330908
-1.2647494	-5.8689837
4.5153384	-18.5047
-3.744099	-6.921398
11.451281	-16.676844
-21.576126	1.532454
9.417843	-17.579256
9.162518	6.725888
11.205187	-10.427851
8.964122	9.583849
22.350348	8.18907
-20.80718	-1.8604671
-13.071451	-4.3698306
-22.95411	-3.0285337
-13.313188	17.399906
-23.923351	0.8537843
3.543918	-13.8124895
-9.901058	1.5585586
-15.344807	-1.7094605
20.265944	1.9981604
-7.2991824	-13.615788
3.8265464	-15.221593
-21.182476	-9.639384
-17.72092	-9.906774
-22.137684	-4.9806185
10.811312	-7.8487005
11.401551	8.43194
9.819912	-12.650509
-26.049107	-4.3552747
9.422179	11.0362425
-26.568605	-2.2357976
-12.875454	-5.475466
-8.770707	2.9272559
19.130148	4.3357353
1.9569665	1.8391359
-21.896175	-6.7196493
2.5519686	-18.192877
-11.882252	16.011114
-25.291346	-3.927997
6.682591	0.7248405
14.51635	14.790132
7.3526454	-17.264547
6.8165064	-18.183777
6.688951	-0.07219757
11.197608	-14.551152
26.55997	9.760177
21.673056	2.8791401
-9.292878	15.763711
-24.317425	0.010611298
16.73584	13.988259
-15.483556	-7.1721387
14.748357	10.279163
15.378504	11.879814
-3.9206493	-15.779371
-10.492004	-5.271229
-22.43662	3.098876
1.0236752	-19.569895
8.359981	-3.9003007
-2.3224523	-14.394707
4.7176447	0.7936028
4.396998	0.36078262
5.4167037	-0.5659796
12.927557	10.5935335
5.4395785	-8.709992
-2.4027522	-8.037012
-11.956014	3.2383077
13.189786	15.307827
-14.498178	-4.7136974
-19.046053	-10.3510895
-17.222223	0.5267552
-19.49168	-7.89354
-10.677449	2.1695619
0.17627513	-15.624417
-12.5782175	-0.9300234
17.921907	11.392749
21.778051	11.787149
14.312547	12.622379
-3.3115158	-11.7593975
-22.128351	-8.333578
-19.555237	2.0500388
-6.564814	-4.079301
3.2922091	-9.452808
12.365136	10.038226
-26.937454	-5.4748297
1.9163982	-19.036406
-11.906659	2.303846
-21.12375	-6.319341
10.656055	7.8705525
-16.23144	-6.423222
14.962361	2.7966886
23.34726	5.1893806
-13.962497	-0.33175752
-15.833666	-9.708217
10.684856	-9.463086
-13.124078	-9.8564005
13.213417	-11.418367
20.760948	3.397644
-27.023848	-6.2841477
-12.96256	-9.833123
0.04546976	-0.47947183
7.966713	0.3061911
-12.53715	16.860933
3.7717655	2.3833554
-1.0949949	-15.502701
11.740765	3.2569413
3.278875	-18.03136
23.408236	8.902954
-23.264488	-6.1411996
11.9189205	-9.700487
16.978376	10.734603
-9.140719	19.232792
18.679773	11.977494
18.925722	5.7003937
5.9006305	-21.183306
-18.091581	1.6642869
-7.6972218	2.8361714
0.43576622	-17.00139
-21.107761	-2.674027
24.491089	9.103069
-0.2422607	-0.6379652
13.476544	0.3218956
-1.2687378	-18.688004
7.639771	-17.424034
12.7969	14.564261
7.3985486	-2.0060575
-2.9654522	-18.738237
19.741285	2.6218014
-13.767703	-6.497308
-17.314016	-4.5198793
-15.091118	-11.058821
12.329929	3.5736005
-14.790004	-6.0523095
16.26867	-0.13711862
7.0585656	-15.158769
-22.921583	2.3700085
17.200188	0.32932663
17.333263	6.616373
-3.5240283	-16.127306
-12.542639	0.5800477
10.810467	-13.699104
24.24339	9.645818
3.6105485	3.077055
5.6305795	8.789679
11.692489	-14.762479
-7.886405	-16.254677
-5.4644446	-8.435555
-12.411537	3.2809708
12.289904	-7.2150464
-9.258827	-4.80297
-10.254322	20.019287
-7.8880777	-2.7910197
7.2087593	-19.065987
-9.666267	4.6843753
-9.004999	-3.0570495
-9.790344	3.41148
10.350936	8.925697
-2.6609247	-12.339426
8.880782	-5.396239
-12.2809305	19.983343
12.572703	-11.503344
9.934696	11.160388
13.380196	0.26007342
15.922769	1.925308
-13.605503	-10.979273
22.040308	11.080266
-11.169019	17.374428
-27.150446	-4.126313
-22.424337	-1.1806648
21.451326	5.8622317
-18.476532	2.8551257
8.440052	-18.305866
-27.240122	-1.5908356
-22.000471	-2.3196006
6.6666055	12.364156
-5.6222706	-4.4186397
21.554213	8.217408
15.6507635	-0.124486685
0.17891894	-16.082476
-7.9036317	-6.2369595
-9.12387	16.784311
18.256851	12.221814
10.991918	9.215751
3.381159	-8.47045
-2.1366997	-6.3427486
-11.413014	-5.087994
16.630135	16.28526
10.574915	13.220457
24.090506	10.665538
-20.748896	-2.8697872
-4.4591293	-1.9180291
19.702206	6.022878
13.337678	12.777277
6.3408184	9.415276
-11.839724	18.403666
-10.648262	16.709496
18.64604	13.50116
-16.479208	3.0211377
0.92907274	-10.898354
16.33051	12.678377
10.507428	-10.65939
0.45568007	-18.21429
5.522123	-13.293328
9.329855	-19.32305
-10.230742	17.2206
-12.626786	-1.688368
-8.2827	19.617975
-18.127777	3.7204747
-20.790424	-7.078091
-1.4253296	-11.635645
-2.9226162	-8.510541
6.865725	0.8660585
-0.47267333	-10.929565
-8.775067	-10.568935
3.0838015	1.1539462
-1.2041472	1.6341372
-6.460807	-18.64005
15.758867	12.966197
-19.9501	-3.0971286
22.94684	10.483503
21.627724	6.8274484
-12.741218	15.156697
-14.218162	-11.68689
7.9351	-3.3350282
13.691877	10.435211
19.781427	12.327551
4.2378354	-15.002206
-8.016673	-10.370894
22.680101	7.5080237
-6.668536	-8.103995
-19.00276	-1.1077414
14.03966	13.818203
17.762743	14.458723
8.870788	-17.169851
23.48254	4.503108
17.22526	11.6720085
20.04927	10.910172
-7.142465	-6.118676
-14.157117	-9.646299
-1.6712848	-8.898266
12.194413	-7.990371
-22.199087	2.4912863
-20.705769	-8.286142
7.0104465	-19.281374
-1.495459	-14.073388
11.4471655	-11.859338
-2.4415507	-7.1470594
-4.966802	-4.150791
16.763596	3.4121163
-22.908892	-1.639764
-2.9749992	-10.795317
10.8152275	1.4782084
11.128455	11.131325
8.344452	-13.643322
-17.202719	2.3587449
-0.6765046	-6.818807
7.922418	-15.398001
-23.61101	1.8253353
-8.750189	19.88782
-24.434353	-1.2995943
-15.955805	-9.687088
-19.290026	-0.6665706
-13.1261635	19.374647
-5.8372784	-5.857597
-2.5594769	-18.917282
-6.378202	-8.574862
3.2857738	-8.934294
-4.4328237	-4.9559326
-2.880036	-5.6037464
7.911258	-4.0661464
-13.069574	1.750925
15.983943	2.3599231
23.889727	6.272448
-6.293899	-3.830808
-12.77554	12.667575
5.1839647	2.7447753
9.854795	-16.583063
16.570965	6.7416
-0.5323153	-9.627994
-1.6983416	-10.444084
-12.47206	15.886229
18.53958	14.625799
9.126266	-3.9408486
15.87696	12.367956
5.4313207	-12.415478
-20.36782	-1.7624211
12.069968	12.927199
10.246546	7.2065015
15.075968	-1.6974701
-25.646511	-1.3993837
-19.032576	-11.890112
-22.072634	1.5026925
-13.028879	18.80439
-5.8385663	-5.0673327
23.416317	7.109409
12.272978	-13.008517
-19.583979	-9.478832
-13.031081	2.4803085
-15.628643	-5.7347217
6.2085495	-20.256464
4.2789373	-16.88292
-2.081508	-17.330572
18.01222	15.375428
-26.35972	-3.6243844
7.2415276	9.735363
-8.162457	-3.9275436
9.922459	-10.062716
3.929247	-0.41982904
10.616385	-17.597235
-1.5423123	-18.589882
2.1688516	-20.283628
10.828208	-8.422329
-8.972098	1.9800527
12.367825	-6.536486
-9.750559	18.050678
-15.487725	-3.4024284
-20.684828	-0.3430387
23.772722	5.480972
-21.144804	2.7499251
-22.35369	-1.5771958
-12.970985	17.876276
19.981873	4.459994
4.17256	-8.354951
8.405569	-16.480354
-10.455027	15.400372
-19.409939	-4.191221
-2.3230004	-17.265379
-13.4454975	11.192125
-12.018323	17.51252
12.690383	-7.7804837
11.271596	-7.8539944
4.0390215	-14.136849
-1.3601958	-1.8741496
-10.6373825	19.345728
-18.597733	-3.925211
6.845869	-2.3682735
0.34007052	-10.0945425
22.167023	4.8798943
-1.8884729	-11.914255
-1.2909218	-17.167213
-4.590701	-15.605711
6.789179	-3.5039802
2.8716824	-0.19392595
-7.6153727	-9.957855
26.614363	8.785141
-4.4453607	-16.566933
-0.788878	-15.495793
19.273697	3.1717787
13.137504	11.247234
9.070887	-5.9193983
-24.85932	-2.5111587
4.107527	-9.353683
-19.791357	3.53952
-25.042416	-1.552066
-21.195696	0.74781597
2.9812114	-1.2866488
9.131926	-17.835913
-21.31163	-1.1378075
11.886755	11.922891
3.7762086	1.3062403
-19.344315	-6.073744
-11.523001	16.712126
22.693253	6.270294
2.5443459	-11.129552
-9.284323	-3.5080125
7.266442	-14.100602
13.637828	14.513117
12.562785	-10.21398
-10.139277	18.492245
-7.6340685	-4.7351327
18.544182	0.8865609
-10.162289	-5.0198636
6.018477	1.3942996
-14.817585	-1.7625891
1.7101026	-16.476181
17.748745	13.174959
15.753036	15.656519
1.8498847	-13.145899
1.1892009	-0.38665876
-7.5999184	-15.100192
16.172333	0.5784157
-19.32419	-8.863111
-2.0722682	-7.9401693
9.285848	13.662069
-16.085945	-7.4678345
6.0461826	3.2983444
2.0803	-15.868025
15.053352	14.70554
24.958271	11.0105915
2.302265	2.3468409
5.863079	-21.16156
20.452568	3.0338204
-16.009918	-10.626433
-7.8061967	-5.9115214
-17.394445	2.4666526
20.621534	4.8754582
-16.552465	1.8356798
7.709362	7.1395326
14.870964	1.3550571
16.19152	14.668684
-20.323208	-10.029445
6.9470453	10.815296
3.5203445	0.8629428
6.406396	12.03091
3.4257402	-14.808279
23.76571	9.950228
-2.174894	-11.09274
-5.7831388	-14.347734
6.1497326	11.164267
11.017144	12.401659
4.5404196	2.066059
-19.903288	-8.655146
-12.805001	13.326644
-26.408247	-3.9945066
-26.815619	-1.9428805
21.033323	7.823615
18.618357	11.257145
-10.8473425	17.758541
6.011549	9.445234
-14.971612	-0.6398209
-18.231407	-9.290361
9.741844	-18.49434
-5.0778985	-5.8660836
-5.081499	-15.11017
15.722738	14.1053295
2.109617	-13.075621
-5.0477114	-5.2038536
-20.10391	0.13663429
8.3934355	-5.158708
0.96762943	2.146186
-10.039828	16.708368
-4.0127583	-8.178985
-18.270317	-3.5525923
-8.603111	-16.480057
13.188905	9.973002
-27.786709	-2.8391452
-21.918383	-0.40629855
18.196295	3.8755689
21.533504	8.710031
-22.688946	0.28524575
14.322782	12.275543
10.682905	2.501562
-12.377179	4.072141
-16.178371	-4.015109
-8.086289	-15.654827
-22.329247	-5.552464
10.086869	-16.884525
