32.37213	-7.1748395
-11.687494	23.53656
4.835802	11.989733
-37.833458	19.520985
21.838501	-10.412378
0.66897404	27.39829
20.320843	20.89276
-21.617493	-17.228548
-4.0523615	40.259254
-3.4551852	14.267297
44.739384	-16.29927
-29.159185	19.735392
-18.531418	-33.75774
-28.813105	-7.476641
-15.669428	30.503305
3.9884238	-1.0056696
21.066624	-17.948448
-3.2231808	0.7284751
34.554142	-12.963229
-36.896374	-8.813729
25.652706	-19.644089
-41.477753	-27.765303
42.11719	-20.061094
11.934737	-11.075736
-13.552855	-37.580185
-45.67846	18.427975
8.700523	-15.264004
53.79653	23.739408
-37.028996	1.9040469
-23.62917	-21.569294
-4.7082825	31.480993
-44.654285	-0.63959795
-6.7951555	-22.491007
-42.30974	19.663969
-5.169239	-23.549011
2.8984718	41.68705
-7.2294903	-11.7692375
-14.752047	-15.267762
22.305244	2.5678303
41.12486	-19.297037
32.43823	-33.3269
-35.641037	20.841751
26.34765	-3.9422095
5.2726893	-24.670069
-5.431043	45.12488
-16.08661	-18.339176
-43.033424	-4.315156
29.98153	31.657162
28.46623	-7.4087152
-33.35873	-9.708659
1.8540262	27.038425
18.0874	29.270994
-30.996218	2.5128007
32.371265	-36.197464
21.295456	28.251392
-15.26637	12.356268
-16.21869	12.043074
34.517387	-34.273426
-13.46409	7.9433417
-25.038656	-19.513634
31.342579	15.980666
51.465454	19.31583
-23.32662	-28.784613
-26.96572	-7.9438524
-38.27038	-27.2794
-6.447927	-36.99375
2.2243376	52.57434
-22.050064	19.875414
-16.522074	-13.362223
6.30297	-13.9535055
-16.715813	29.236664
39.984512	-23.485926
-5.079952	29.949368
33.370136	15.937378
-41.235664	17.754307
-28.771347	18.421352
32.933537	-6.80118
4.845712	30.798576
9.583679	1.439019
4.3217025	-18.83311
-21.4288	39.57651
11.92229	-18.498203
7.6044064	48.157974
-30.476595	-16.503828
-25.16608	-10.620718
-25.486876	-16.346277
-0.88789785	27.643713
-45.49109	16.704775
-11.7322645	-31.856115
-22.251787	-28.27624
1.222365	-9.963986
0.13086268	28.859306
5.8777437	-15.263299
-33.12011	-15.985778
6.8529124	47.69617
-34.667934	-30.498816
-13.747414	32.19664
25.15472	2.759047
27.884396	-29.815681
-25.93923	-6.721514
-49.381138	14.789392
-24.216778	16.20408
-37.533916	-23.993782
3.3037937	25.714539
42.010715	-24.224115
-39.883705	-26.061737
21.995161	-34.49342
-12.541878	7.4130836
-38.926952	-30.098976
47.47811	-23.97183
27.188843	28.731754
8.06827	18.08851
49.78772	22.75748
-46.199043	15.70179
30.449944	-34.337128
25.918604	-26.274338
7.762214	-53.424988
-0.57932276	16.301191
49.504723	20.793892
-4.3656363	22.744944
-17.87841	-28.779364
2.768231	-13.606469
43.438473	-22.902868
3.7196565	-2.1976717
0.4451125	32.92622
0.3410868	-11.152766
13.827631	0.3224685
1.6631149	19.80694
25.7085	-5.334128
29.740572	-9.908633
-2.64335	12.83611
52.70747	23.397415
22.472172	26.04065
-2.1037247	6.387831
-15.042779	10.249715
14.187762	-6.0785446
-13.681019	12.541124
-48.417393	16.412422
48.100628	12.781173
21.46728	-25.200665
22.25058	-17.737211
-4.129193	-23.993357
-2.7416675	-20.173933
-37.420322	-28.506937
20.338552	-36.176434
-24.505291	-11.27809
25.263517	-17.104643
27.724434	-37.006763
20.069	24.12441
32.362995	-5.6573186
-19.611103	37.290405
-17.628155	28.077347
-3.9237714	-19.600431
45.533875	-14.185648
-17.36997	-32.238506
-38.461105	-4.870004
-2.7082202	-0.4922221
27.32193	-22.600668
-16.24727	-29.067684
3.1623828	-30.097694
-28.096067	-15.018801
-36.07902	18.956245
-18.892153	-15.028172
3.5190494	0.12989748
5.058057	-20.254847
8.549116	10.497229
15.112238	31.96353
8.062695	49.08363
-24.545113	-22.13196
-1.5523001	-7.990495
-8.221383	6.6644177
6.5317717	-53.434902
-17.149956	4.5953064
6.438124	-54.274155
27.066025	32.276585
-15.599077	9.751133
27.544641	-37.720455
49.919117	25.33832
-14.786019	-31.822235
0.9607991	34.192192
-3.4760394	43.108856
51.063114	15.6261425
11.808054	7.0142617
-45.32468	-4.8937006
30.918747	-16.018036
-16.573286	-30.425919
50.443584	16.429523
-20.367716	39.07572
3.0813775	6.0256658
-12.318797	-38.02428
31.340183	-16.67277
5.649616	30.116007
-8.675758	13.058602
-3.0828903	23.301243
19.336054	20.10782
7.088697	23.657673
9.820796	-5.1985373
5.979123	9.462303
-16.912226	-14.3481865
-23.283861	-5.8615546
-16.665178	40.13034
17.09311	-9.590232
53.18348	21.499561
4.571708	-23.74058
0.4680886	10.927469
31.933886	16.65877
11.601784	-10.241351
-36.966927	-29.60535
-6.861703	26.147316
-10.534265	-40.30142
-24.017206	-6.8463774
-10.130535	24.260384
25.455185	3.2340474
43.503582	-18.65209
12.00298	0.83254987
-8.960458	6.032428
-25.980286	20.441025
-6.651208	30.35125
12.449831	-13.529644
0.19999562	31.256
-34.69565	-16.113651
-38.637436	-24.800417
12.445807	5.197919
8.905368	0.1721495
37.190594	-21.658533
10.263442	5.602317
-14.105905	39.839108
-36.142822	-2.5122566
-22.864607	9.818912
-11.354571	6.803993
-13.458144	-32.23695
-43.117493	16.306643
-17.537512	-33.079887
-33.67275	18.959782
-33.663002	-10.527313
8.943993	-4.227652
20.880888	-9.625782
28.933569	27.044481
-6.252623	-14.223607
-1.6361731	40.084045
9.292828	-1.0983051
23.465685	25.218082
6.8545103	42.233498
-28.504045	21.420683
28.350431	31.414677
-25.001947	14.934435
-2.1645014	42.601448
25.056341	29.862886
2.9943612	-3.455609
-33.518612	-17.080584
4.8850675	4.6650476
47.71639	16.131445
9.949088	7.298021
33.32119	-16.454044
-36.834145	-9.801083
-6.939075	-12.769972
-7.1706614	7.5484524
2.3322823	30.903545
25.24718	24.498669
7.2561283	1.3430705
7.230591	45.212265
23.78634	-19.392988
-32.257866	-8.07857
0.84233844	39.361713
27.12619	-38.93958
-1.6261432	-27.082937
44.639656	-12.615784
-24.207092	-18.576427
-3.8479164	1.8609113
33.283756	-36.012424
-25.738081	-23.27311
2.1539845	28.321356
-34.90735	-15.196557
50.629757	21.487473
-42.858475	17.531845
-26.192924	18.900198
-19.205992	38.524593
18.580124	19.220804
-33.591278	-30.988972
8.148411	24.284725
2.2316546	5.09973
-3.1090922	2.5396678
26.854303	-24.060383
5.911702	-16.50083
46.98951	20.703642
-19.271162	28.985651
-0.50140387	6.620114
1.9404743	4.1751375
40.17181	-26.251387
33.409878	18.26622
0.7773285	-28.942278
9.7621155	4.577839
0.22019334	40.07362
19.53372	28.43612
3.1720452	-20.271116
-27.681519	21.174627
-24.611298	23.237537
-15.2366705	25.086605
-16.134003	-26.729275
-47.870644	21.748924
26.787334	31.276272
29.522388	-14.137524
-26.57176	-23.4093
-5.8454356	-25.29466
26.79164	-5.314535
-14.76697	31.41943
6.636194	-21.568819
18.596117	-10.083534
24.834606	23.78929
11.162993	-17.79839
-28.942198	-15.367513
13.956155	-16.37822
8.809103	8.996935
-13.052279	24.034315
-2.9115045	11.093126
-20.179686	-15.818044
-44.76338	18.853168
5.7970953	-25.764927
5.552263	47.363552
-17.012451	6.0785165
30.511894	-22.246141
31.200861	-21.089113
-17.022013	27.678106
-43.58953	20.907948
43.659573	-25.161976
-25.688019	-15.267523
-40.2312	19.172583
-34.54691	19.159147
-30.719769	-19.50615
-37.94688	-5.5620546
23.299904	28.820272
-45.79233	-4.2300835
54.025326	22.27687
26.274475	-25.503555
33.570652	-33.13361
28.189007	-30.653406
45.394753	-13.0410795
27.935793	-6.1628594
51.092	23.55828
0.17748652	9.341534
-27.509258	-11.980219
44.934673	21.023634
34.409687	-13.752789
42.833836	-20.43452
-12.161761	12.6106205
-7.887976	15.142198
1.0571325	12.036158
54.1729	26.300425
-43.421753	18.566017
1.3752334	18.60044
33.250748	18.98776
-45.568348	21.20275
-9.574438	12.363103
44.359135	-26.098574
-35.86706	-1.387845
22.724823	-11.303382
5.4357305	1.0411787
23.472523	-35.22427
-20.584	30.592405
-8.634242	24.240639
23.31503	-18.059702
22.428074	-23.866987
6.716879	-52.412807
5.3777413	-52.971672
-0.4053748	-8.020657
-26.968132	-7.145474
-5.770409	46.41753
-38.40628	2.3378134
-2.4635568	35.358765
48.53448	-24.190094
-43.603775	-1.3770909
31.114517	26.349619
49.324055	14.973788
2.9637685	-14.615906
53.236652	18.385878
-25.855999	10.1857395
-4.0418425	29.342321
10.217607	-16.14245
29.060467	-32.307766
24.231302	30.746183
45.96863	-23.845129
20.365965	-32.491318
7.6513453	46.664642
28.315355	-15.644574
-16.416126	-12.497761
36.629837	-21.692543
-36.41871	-23.886917
1.744225	25.654295
-21.133905	29.597727
-15.851	-19.26388
-46.61558	22.037125
-21.624779	9.511337
-18.261515	-23.707905
29.641087	-15.083816
-26.935432	-12.645767
8.283072	-4.5176544
-18.128494	40.594765
-36.92074	-22.15085
48.846874	16.541866
-0.35706913	29.965727
-14.530905	-20.320692
3.5958464	-12.48306
-44.131817	-2.3990927
7.2633777	9.73095
26.514324	28.242817
23.182287	-36.2943
5.6282706	-27.209152
-1.148843	-20.101028
-9.772848	6.87698
3.5832698	-17.801952
-7.597608	16.999712
-6.3765254	26.624989
-13.133754	-36.590797
10.346222	-18.44793
12.079472	-12.3963995
20.095737	-8.525935
-47.069775	17.277079
29.403122	-24.487717
-22.871553	-22.429253
-3.50886	10.561188
0.97061723	-9.033428
-16.612709	39.323803
16.234001	30.38715
30.441269	-10.099227
13.034381	-17.84306
-4.9141026	-4.101948
7.6870165	41.082172
-17.409187	-27.432518
-11.291382	-37.925396
21.80113	-26.489964
46.322178	8.606306
-9.695319	-40.02511
52.91581	25.407364
-39.708275	-27.696249
-3.4151294	42.102142
-2.0293217	-1.6469926
-25.577854	22.07782
20.370007	23.043562
-5.436766	22.606722
5.481981	5.8462515
-30.514969	2.7411513
41.29705	-22.791248
15.377587	-18.488785
5.4112787	14.212021
2.7315104	-29.597982
51.7611	22.484201
-23.712755	10.479821
22.62738	-16.672197
-4.908057	45.97119
-43.115845	-2.8960285
26.862453	27.316626
-10.040031	-38.362564
-35.608925	-7.6038637
20.849195	-16.117496
21.53564	-33.093723
-3.9922915	-20.628714
-38.34253	-23.152075
-19.003313	-23.47134
-32.305656	-14.39263
28.424578	-23.402588
