-15.103734	9.650717
-0.37179193	-47.327446
0.8317786	-46.270214
-47.652195	12.224069
2.6553314	31.565683
12.617364	37.571167
-6.302518	-47.351265
16.8794	-1.8320311
25.271053	-15.233315
3.6463153	-33.163662
-4.1485143	25.828987
-45.188763	14.154717
34.079865	23.285938
17.073425	21.165993
10.058065	40.16656
-9.47745	-30.301222
-14.999955	-7.881536
-4.930591	-32.36307
-24.623135	11.123288
23.558992	-0.4845959
-21.229204	19.364943
28.060047	18.4479
-6.276969	26.420208
-20.290632	-8.413739
36.971123	23.388628
-50.231472	7.010631
-5.4498615	2.359572
-18.044127	55.8807
-16.665073	28.581902
19.04132	4.187741
-12.131868	34.369736
23.38777	-7.5981913
4.7914553	7.525095
-50.02509	9.132365
3.9287834	7.956737
-54.084515	-1.2780304
-34.554176	-2.520989
5.9336233	14.602583
-6.304998	7.064881
3.850056	33.37101
-31.00166	-18.168953
-47.047	14.453815
-9.622832	4.5308733
-3.5661564	-30.524431
19.229856	-20.536621
13.416652	6.9833355
22.708496	-4.066713
36.51678	-28.780733
-18.820396	12.306878
9.007255	-3.3175695
14.004709	36.36446
33.224224	7.67464
18.773634	-17.370903
-2.329956	-8.640841
37.743122	-21.603594
10.79742	-44.343266
11.298769	-42.689816
-9.338339	21.893045
11.201709	-36.852432
20.789934	10.708993
-28.635536	11.571876
-17.589859	50.40209
17.040655	-22.653374
18.97335	19.115067
3.4997087	-5.7989793
-23.790894	-23.365252
11.170524	43.85797
-11.196742	33.1157
10.658828	8.689846
-4.7123365	-1.2419716
8.090126	36.960735
-15.422489	28.992456
-3.1072931	-51.252777
25.079975	-22.81656
-51.281525	11.023949
-39.462715	-21.105936
-15.051882	10.579173
2.3862185	-20.91989
-20.021296	-27.678232
-15.376537	-38.433228
29.23437	14.15648
-9.248477	7.3818865
-14.367189	-18.01611
20.637665	7.2314305
25.418352	12.486703
18.723902	10.65782
12.906277	35.806107
-47.422752	5.3722982
39.14354	28.920515
9.265689	-25.242533
-5.120138	-58.755848
10.632518	35.131374
-4.0818915	-0.012476168
21.294233	5.676375
-15.02094	-18.774496
2.2816052	-8.68902
-14.673411	47.019917
-4.2082663	7.2699056
-7.9440885	-15.504423
18.237173	20.385687
-36.349987	-3.326448
12.300905	33.018566
4.971826	-0.4063827
48.126312	10.07568
-35.473366	-22.083998
2.2697089	-1.3104974
9.779689	20.829157
8.906989	-36.42926
12.105697	30.2203
7.584254	-34.55286
34.00841	-25.833368
33.69872	0.3172951
-15.869812	51.88028
-48.550716	0.20957209
-3.8526073	-8.9003105
-22.569353	26.107347
36.031956	48.08407
-5.326868	-51.9161
-19.245178	50.562397
45.59701	9.835381
-5.4846773	11.668441
-9.453811	0.16360691
-6.8624067	28.332987
-22.772955	-22.154411
-0.82974637	-20.25746
-7.155363	-56.75708
-14.902397	-9.772168
46.118065	12.517195
-8.82826	4.010085
-12.113168	9.475306
-6.80119	-51.614887
-17.51437	54.45426
39.636105	-21.49174
16.555906	-31.848928
9.090268	-45.556026
-6.1864653	-59.15997
11.26349	-45.65078
-48.79009	-0.6982263
-21.103798	29.686188
-26.258831	31.984045
-17.656641	19.785225
-27.150583	-8.570825
-7.0455427	11.832208
2.9816394	-6.7030144
13.76098	13.262917
26.035252	12.762939
-18.93742	18.197628
-28.309044	14.045113
40.34116	-19.492952
-13.499999	2.1794205
39.316917	-5.026321
9.085001	36.461697
-8.016211	11.961576
0.16129014	22.931211
31.752869	25.488523
26.751673	-4.746984
-6.582476	-33.590504
-23.436174	21.945978
30.882498	27.857918
-17.031101	4.733494
21.610935	10.359604
-46.111774	12.496165
-19.839163	-15.133153
-11.0601225	-28.856825
-14.285671	-38.716652
5.1670866	-36.401493
42.76227	-7.0260086
-14.874384	-17.10939
14.975908	2.3025148
-2.327696	7.8329835
7.2333164	-40.059765
37.068523	47.488148
-26.188833	23.615751
36.79775	46.555145
33.77793	-27.594183
8.488497	-46.344154
7.8185177	-47.844532
-11.658405	51.459232
-36.340355	-4.7818956
-1.368614	-18.971474
21.22452	-12.942365
-22.068666	49.4211
-33.053066	-22.627098
23.006533	-5.318273
-21.715752	14.387312
31.412582	26.428078
-21.229479	50.179626
40.761105	-6.315678
-7.855196	-40.252254
39.35824	23.835339
-21.936287	13.597238
12.634737	39.090996
3.7689342	-42.02964
46.144276	10.964655
-9.455773	-42.93034
1.7535944	-10.280872
-22.52422	-26.131046
-14.169744	-43.88714
12.325886	7.75933
17.998081	5.856517
-28.758654	-0.2531056
-8.555921	-2.9404004
-18.613216	53.22575
-14.064022	-37.311127
32.044464	-21.079102
26.114233	-23.38899
-20.148438	-9.164715
1.8316188	-7.2623262
-23.06157	-30.253153
42.193687	23.212254
19.206217	16.72911
-1.1947036	-48.017193
8.497568	-26.919111
-8.785913	28.411356
43.419777	8.411029
10.319695	-39.526443
17.247717	27.954782
2.2369769	-13.570131
-23.284445	-6.3492823
-0.3784649	-21.223433
21.47918	4.318193
4.096231	-1.4548239
-12.603402	-42.966705
-11.267984	-24.525366
-10.819712	30.304222
-14.239845	-29.432014
-30.331926	-1.3280919
-9.90985	33.607773
14.356922	13.774929
7.3233914	-37.20855
38.325607	28.533154
-52.097824	8.864452
34.75019	23.519527
-12.895873	35.865532
11.520696	-2.8287895
-12.275008	-25.95824
-6.6068454	18.882084
34.260437	-21.74154
-34.94922	-4.9037857
24.196959	-15.351889
-20.262768	-26.216553
40.804893	-22.253927
15.641269	-11.570761
34.684856	-2.9985585
36.06634	-27.644152
17.445383	25.968021
21.538664	-13.716584
35.95829	-25.383701
-23.397816	-21.463364
27.823263	3.7431993
-10.180975	50.850018
-21.348219	46.85296
1.9077674	-36.149143
-25.011604	15.245135
22.733822	0.20659791
-33.977398	-3.3742073
10.914684	-40.52092
14.904677	33.645588
33.83131	-16.922747
-12.329199	-27.962727
-15.600135	-20.684696
-22.51098	19.04967
23.149681	6.5753245
-9.811303	-22.57352
-28.05308	12.682123
-16.96841	-44.109222
-0.37052485	21.722477
14.684876	6.851394
3.2685285	-47.28539
-0.9599787	-8.3154955
17.606997	-0.109412886
-0.83962804	-23.448822
20.627743	3.707183
-14.347212	54.41808
-52.211132	10.42822
31.738241	-7.399685
40.435993	-7.1820245
-8.27151	-44.32798
-21.116777	-3.1974096
2.1478734	-12.537275
-7.8310475	-39.29158
2.1497397	-46.584885
-20.908743	27.563915
-4.0292172	1.2151517
-15.498071	48.54655
46.191082	-1.3774904
-8.679616	-37.459885
-9.94356	-38.475853
-8.789386	23.547672
0.7901561	24.597866
-18.946522	5.717086
-14.603273	-28.644093
-8.964384	-21.842093
32.94875	6.428135
-29.379238	-7.298343
35.76835	-2.7196405
-28.40471	0.7466173
42.928497	-0.9903027
6.4559836	-29.775536
-52.84221	1.9162356
37.961796	-25.923443
-19.840794	13.684716
18.46618	0.17706992
-27.593815	-10.195367
-10.245928	3.0635448
8.993565	38.73425
-10.622958	-41.475613
-10.125712	-3.4112926
33.9279	-18.424335
-30.391783	-3.980783
20.800596	8.6937685
-10.497256	7.8618393
2.7729845	-36.0224
36.96234	-2.983483
-6.663607	-49.851154
-19.19547	-15.073603
-51.78525	6.840257
-3.0581126	-29.907164
-16.537996	-18.891943
-11.340874	-51.489155
-26.165396	18.934807
-25.439419	16.386082
7.7792444	35.776237
-49.718372	1.2157953
-5.899141	29.017944
19.525387	12.98695
-49.374992	10.52793
-44.17482	12.061816
30.476997	-4.4708977
26.151228	-3.5462909
36.491352	-21.699942
18.755096	-10.978256
-18.964838	54.57387
-21.749681	27.04419
-31.30669	-18.864664
-5.8632855	-14.867622
-0.7303066	20.881067
-11.716193	2.7212472
-16.717184	53.063232
-6.645189	-48.69956
-46.730392	0.34950697
24.296162	42.033268
-25.66801	12.014761
-9.786033	29.509825
-10.456673	-51.1938
-4.834995	-54.527405
-23.573605	-28.3586
-18.815052	57.63791
-50.6632	8.188372
-24.700483	-29.18533
30.244255	-25.158579
-52.59335	5.061985
4.602617	-41.55246
-34.477608	-22.31297
-37.069767	-21.63
-21.863665	22.45855
-8.400999	-31.369947
5.7806907	16.034153
45.229156	-0.91255265
-4.128062	-51.93901
-14.907678	16.839067
-25.876759	31.345411
37.914604	48.155178
38.2539	46.611782
-1.5373031	8.121442
19.059208	18.302055
18.250742	-20.959692
27.163067	-10.076768
-8.137198	-21.159702
5.6997266	-32.282215
21.048334	-9.354824
34.95531	-30.397663
-20.912214	51.70921
-6.13901	-3.0926104
23.664066	42.781704
-38.94295	-21.931068
46.6552	9.695676
-22.42939	-4.7141466
-5.060143	-14.742272
38.667336	-25.0528
-3.6334987	29.394812
4.0861754	-20.272442
-16.691154	-20.419394
-19.222347	16.643126
10.21297	9.252153
-12.44329	30.519264
5.949992	-4.5722966
12.023773	42.05761
45.69894	0.008428
19.115475	13.861684
-52.712543	0.7155834
33.29488	0.912061
12.1408	3.88777
-28.453226	-26.731533
24.012623	11.4592
-22.46865	-28.801321
31.154615	-5.019076
6.804898	-3.5276124
-20.843782	47.753372
13.27792	34.502537
9.313621	14.363164
-7.3174944	-2.8794532
20.371445	-9.969111
-13.431843	-44.26104
34.597736	-25.021584
6.8808784	0.502275
-18.503345	2.6705294
-10.302094	11.703016
6.7633257	-39.123768
-16.283825	-38.76031
31.441183	-28.897684
-20.007008	-33.805977
39.250904	25.183506
-31.237617	-3.9703019
-22.156334	-6.0560074
16.471087	-18.918701
-49.225887	6.0301714
-25.478853	20.885105
39.85091	-15.627512
39.604637	4.810977
-6.0800743	-57.62634
41.866837	-7.889218
28.62305	17.77463
-12.780534	10.134547
-30.111021	-5.2328496
3.9901187	13.461904
17.010872	-11.31241
6.241584	-28.82438
40.576176	24.027624
7.571947	14.066246
-17.628155	21.617052
40.244583	21.318409
-16.241076	56.24855
0.40336728	-1.7116266
23.540298	-14.43773
-7.2365136	-32.31459
17.13598	28.705269
41.429375	-19.53169
4.795616	32.536366
0.601598	-36.55583
18.291002	-18.047447
-7.1055646	25.46515
-12.545591	12.339622
11.034833	41.954514
-17.785027	4.267831
-16.13779	54.41513
12.402051	-36.285007
-17.326267	18.726154
16.962624	-20.876427
23.892302	-5.893816
32.735004	-26.039713
40.17185	22.411053
26.398544	-1.8322093
-15.314813	-7.069407
9.100817	20.645042
-25.924366	-8.095195
5.6302924	-1.3811619
11.448618	4.2098227
25.300558	0.5188299
-24.629248	22.044062
