-20.391575	5.6505604
1.4269452	5.937288
0.31410053	-24.954906
-18.90437	-14.354096
-14.939142	0.019428514
0.09881972	11.028063
-12.45986	-5.8245697
8.976161	-8.61919
2.6450841	13.472391
-4.099369	4.3962345
0.09171693	18.477917
-8.91057	-7.51833
-7.4161253	18.471346
0.79494786	-13.577908
12.817148	-1.0758299
3.857397	-0.56732225
-9.156294	10.203714
3.3830776	3.648402
-14.202206	7.3728933
4.2231665	-13.027327
-11.478334	9.141717
8.819206	-18.215618
-14.046287	3.0421493
14.945193	15.383151
-8.825534	17.468933
-16.743608	-16.717096
15.13865	-3.712633
22.433262	15.0492325
-3.1600554	-29.540964
7.2785945	-10.3973875
0.80034244	15.08012
-10.105819	-12.644452
10.820125	-11.118989
-18.664888	-15.976756
-10.700869	-5.106779
4.4719734	16.63256
18.396765	-2.2838638
-12.177798	12.2771635
-20.157457	10.388815
-14.695301	2.2025173
-17.387732	-2.9320269
-19.294188	-12.667128
18.366072	-6.5014353
5.9675975	3.2256742
4.040377	20.101826
10.348889	-10.025712
-9.456711	-11.079043
17.31771	12.43194
-19.97104	3.898122
5.9366727	-13.640995
-3.708277	8.836155
-1.3870492	-27.337889
3.1949716	22.014002
-17.332426	-4.3046775
13.987074	7.0890365
-5.667035	6.354908
-5.7915	6.8656855
-16.913307	-3.7145855
-6.4397044	0.3806675
6.732374	-8.55426
-1.3629127	17.008871
20.656815	13.198291
11.8362465	-8.092736
0.16111016	-12.673878
9.319406	-15.688853
18.270693	19.671236
-11.791217	-13.384084
-15.211537	-5.605846
0.8242294	-6.548707
16.94641	-8.07812
12.791397	-1.0944264
-16.32073	-5.714559
-0.5608688	6.644578
-13.405585	-7.5068645
-16.404772	-14.258568
-8.133329	-5.622876
-20.728218	5.6905665
-2.9470098	12.271487
1.6330632	0.8501657
9.220105	2.5922282
7.8909383	11.10565
15.43254	-6.794858
9.370135	15.451888
4.215242	-10.687641
5.6210165	-6.212406
0.8232913	-8.941662
0.36283487	11.685166
-15.886639	-16.188976
11.371477	-2.1858156
10.743853	-7.944831
-10.478212	-17.763515
1.9765353	10.0794735
15.963793	-7.9763236
4.229856	-11.431203
8.271052	14.918819
-5.976244	12.546686
-22.421597	5.985847
19.339167	-5.0065536
10.018683	18.504942
0.09472674	-11.953087
17.374846	-1.399717
2.4167001	9.383388
8.8682375	-14.475731
-2.086229	10.611856
-12.115213	3.6498783
8.747013	-16.444452
-15.479208	13.253501
-6.1893644	-0.45649433
-3.7802057	15.426407
-9.030976	3.0823963
13.143478	11.68125
-5.732188	-4.797808
20.159466	15.933004
-14.714451	-13.270676
-17.448418	-2.400143
-2.5146575	-29.64047
23.794334	0.65057266
10.5342655	6.878514
20.744654	16.436392
-4.546361	8.5797825
-7.5869255	16.554878
14.6484	-9.160105
-12.584404	2.5864131
4.5142612	-1.54249
1.5695446	-27.474934
16.719925	-4.533381
-8.97888	11.559351
8.391382	7.812053
17.558598	-7.12436
-20.244884	2.8392966
-3.1702201	4.3686175
21.856472	14.401937
6.2598834	20.275404
-0.95065886	-4.9694743
-5.4271874	1.8899927
-10.60322	-18.82461
-5.2023787	5.9194555
-14.343354	-13.75967
20.82397	19.832579
-10.645816	-1.3354475
-9.536493	10.72305
12.1685095	-5.6035795
11.387565	-11.885655
10.042249	-15.462883
-15.119719	14.01492
5.4754047	-5.670802
-16.808697	3.1973455
-13.912155	12.234605
15.267311	5.494078
-19.968931	6.3785806
5.160411	11.44094
0.3093975	9.626619
13.283369	-13.467806
0.8463121	17.477242
-6.694311	17.757948
-8.529467	-10.423653
3.6163106	2.7816327
-11.996235	7.77006
-3.7109077	-7.0707226
-19.788528	8.790141
1.2205983	-9.989052
-18.856094	-13.583871
2.2621303	-6.497232
2.2388754	-28.748125
8.778311	1.229254
-7.3773475	4.9849257
8.424744	9.946532
8.752366	15.407068
-1.7999303	-9.436355
-12.522648	-17.497583
-3.4451988	0.11456842
23.034487	0.42238435
-2.74227	-31.126621
22.667229	0.30193052
11.449494	8.436576
-5.5220337	1.9009212
-15.524043	10.878142
19.445366	15.211924
11.816563	-2.8418403
-1.0674152	-28.998411
4.097415	18.46404
22.396578	17.74584
-8.779136	7.3490524
-7.02567	-12.337031
-12.374676	9.508812
10.555119	-4.162631
21.905006	17.203653
6.881601	10.83259
0.37337658	-1.1409264
-9.203295	18.019289
-17.473457	5.388314
-1.74659	11.8298235
-3.4392586	-1.9826826
0.7659835	-29.321024
14.834717	4.1064534
-18.495811	-3.583963
16.66991	18.538027
-1.2974213	-0.49574238
1.5193316	-7.066147
-0.83249974	-11.299178
5.385174	9.343085
15.791042	-10.30843
21.95634	15.791476
8.446607	3.093579
-7.2442245	8.676998
-12.606251	-8.370178
14.752702	15.538811
1.2267432	-30.926859
-0.2375839	-28.644533
5.4225	-3.7491195
0.12606151	-10.8400135
0.89351785	6.4486184
-6.487718	-2.2811482
-14.015213	3.8856146
-8.189977	10.875869
-4.4865184	0.12693019
3.2888176	7.404157
-0.08430126	-29.399279
16.772915	15.326253
1.7462181	-27.835407
2.9503076	-11.601214
8.221275	-15.370462
-1.0236365	1.8278214
2.1895576	1.1337289
-15.014183	-4.2157474
-0.27242744	1.2655518
7.996122	7.0972505
-14.277551	-6.9634376
-2.448406	-11.935425
-5.715382	-0.89502233
10.402511	-2.0386908
-17.943447	-16.007885
-6.4812818	18.394096
-8.882325	20.511646
-2.1077309	-26.706114
16.347656	18.618591
-15.233091	-0.46963382
12.250541	7.136507
16.766397	-3.6026
3.1300538	16.118746
9.9394655	16.001326
6.8447585	20.162222
6.4402113	16.65525
-8.2614155	-8.288148
12.338009	8.430506
-1.1950289	-13.762327
3.293068	17.918633
13.433897	9.12293
5.696363	-1.8422698
6.4064	-9.253341
0.9451641	-0.25095558
18.779438	17.81407
-1.0153072	0.8186227
-16.399796	6.033889
4.6008725	-12.736875
17.954275	-2.963101
-7.124797	6.956837
1.7884865	10.955858
14.641416	10.876176
2.2418427	0.48165283
7.1740527	13.944355
-10.573307	10.3040905
2.612516	-13.44122
5.1238804	6.2896037
-16.326311	10.289772
-10.414701	-4.49313
0.007018933	16.55066
3.6586375	-9.393086
2.1988664	4.3504205
-10.850695	13.384934
8.617872	-9.525412
0.54522634	-28.107145
6.379051	-11.104713
20.661808	14.744246
-17.32654	-15.597571
-2.5097768	-14.897438
6.219337	10.79128
3.5548313	-17.123816
-5.857338	12.177743
-5.1139603	13.434616
1.3003014	-1.1722615
2.2864377	3.5641365
-12.848168	-2.1817863
10.337351	2.9195523
19.790888	16.968712
13.979221	-1.1506593
1.479493	-2.2481074
-1.0400559	-24.51904
-16.058455	-4.407509
2.0777628	19.423563
-6.644441	12.968983
0.68944097	1.43
4.9296217	14.9092865
-1.9507141	-27.535963
10.31595	0.99112713
-8.012543	-7.75506
-6.3178835	-7.0582094
0.14263637	8.580094
-9.694262	1.4603382
-14.102548	-12.3097105
11.928969	8.802778
-17.910421	4.1033335
8.00797	-9.30515
-8.971472	15.72432
18.149174	-7.5003605
-3.7026427	-27.173603
6.2311025	1.3044211
16.06301	-11.03331
14.841042	10.9103985
15.716844	-5.960557
1.7162304	-10.278771
14.222874	-6.1673317
-6.996538	4.8871694
2.7191832	7.2695932
-0.45816112	-2.9173458
3.266628	-7.2041626
-17.269194	-16.853226
6.642709	2.8760219
7.436922	14.919001
-7.6421366	0.57863414
-13.00454	-3.3014922
-13.170924	8.738547
-0.18454327	9.585331
-18.644312	-16.872738
-12.85601	1.4474761
-0.43810856	-8.804817
-18.128506	-14.766544
0.8842785	-26.5697
10.37654	-12.653688
-7.6361237	-10.463897
14.181834	8.940882
-6.8782563	-12.663653
22.483753	16.058664
-2.9053075	-30.224874
-10.465221	12.327629
10.035296	18.81522
0.20296581	16.920383
18.766232	-7.8102655
21.145153	15.438336
0.4616797	-2.6187963
10.791093	0.626317
-2.0134795	-28.322577
-16.930359	6.5803056
-13.9992285	2.401355
-4.481788	2.7598906
-6.969134	-16.714764
-0.54151213	-30.488152
23.633013	14.9366
-16.87375	-15.697663
10.077618	8.084713
1.9186398	18.67804
-17.58813	-17.745117
-3.934461	-1.5111496
-15.011689	-1.7963061
-15.434437	-6.854271
-13.517719	-5.8723617
3.0516798	-0.4257976
-12.9624195	12.623088
1.2102653	8.246705
0.12003847	5.639442
-10.026479	10.325581
-11.856379	-1.5867039
23.144438	0.06728201
22.28731	-0.2568298
-4.8839087	10.567905
0.76279116	-12.163595
4.3741856	20.66163
-9.498825	-14.6524
-12.8346615	-10.354926
-8.318727	3.848523
-8.710914	-12.629141
-6.4018993	-17.987556
21.182718	19.181953
14.185379	-9.326998
-1.1450856	-28.308077
-8.660809	19.519016
-0.16293778	13.43418
14.37745	-4.0942636
-12.42985	14.409582
13.504736	7.5705533
-10.847976	2.4616253
-3.190064	-28.197521
7.9203343	14.160737
-15.872241	4.360671
0.64201826	-6.7160106
-14.867309	-4.4827642
9.122522	-13.767312
-2.4718933	9.9505825
15.0088215	-0.57536864
-0.5559901	-7.727376
-17.917711	-18.271034
-3.0709784	-10.974803
-2.5783308	-8.530053
-17.360792	4.5014386
6.204962	-7.185441
5.2162824	4.8273787
5.018271	9.582307
7.854748	-13.790963
21.098484	18.697485
0.12311761	12.473082
-1.0303607	-7.389129
15.222896	-9.943252
-10.071742	-11.176955
-6.650161	3.9056056
13.376686	10.896495
-14.240613	13.264955
7.3339953	3.02101
17.984383	-9.271817
-4.9311395	-0.13476594
13.6236725	-7.783357
8.713361	-18.692558
0.7551779	13.642522
9.805902	-2.1984293
16.200651	-5.8199754
16.181772	15.400983
-13.20634	-6.895488
-15.816451	-16.891317
-11.78998	6.4460983
8.062106	-7.806407
-0.6771289	-3.005634
-10.393727	-18.0159
7.0067377	9.429685
-6.091953	-16.813883
-19.817474	2.8302712
15.295102	-5.8407807
-1.3573014	-25.59298
6.150133	18.079666
9.150184	-6.0651064
-9.399752	17.909374
-11.086543	6.2749457
-1.5406963	-30.07772
5.228671	-3.2191195
22.641031	14.126164
10.157057	-16.352032
3.6844885	18.322468
4.1141624	2.0656118
-6.7870746	-7.4088154
15.297592	5.661379
-1.0517967	5.5635495
-0.23509312	-0.16793738
3.1163566	22.29736
-14.476466	0.8285127
-20.355885	2.1624591
-0.11750776	-27.417604
-19.747334	8.546772
21.491436	14.983309
-2.006087	-12.891612
-18.406797	0.10227811
3.5440707	20.161644
-8.341028	-12.1724825
12.873175	11.155284
-9.910804	17.59744
3.434494	-13.491653
-18.77682	0.054745067
-16.346035	12.885496
13.463319	-13.512772
8.225734	-14.452603
-2.5187993	-9.168659
5.424594	-10.827601
-12.04264	8.452575
