28.770544	-47.959396
28.65241	-20.176098
33.25432	-3.8183057
21.428133	32.511356
-21.217058	-32.777733
-2.4217486	24.411835
14.774845	24.733809
-1.4722137	62.770123
-19.114542	-32.982677
-8.003771	-33.12285
-1.7572008	-43.332928
-3.6097791	-21.9081
17.098917	22.562824
-22.446672	43.60365
13.383663	32.697357
-3.5778966	-20.964035
-2.7658155	-25.731068
29.781422	-20.020565
33.08348	-30.411959
-22.699287	-21.24446
34.65657	-28.33262
-19.08306	56.849354
5.0113134	-42.723576
40.183838	-30.99432
16.899723	23.961576
22.42399	-21.829216
29.31177	19.94483
-34.76859	29.164762
-2.1403408	-43.286053
-5.448645	-11.334598
21.233232	-35.80121
-25.042564	-36.246937
-18.930574	13.469785
26.067238	22.987617
-10.419808	29.665648
-13.851069	-36.941063
24.273771	-30.751612
29.911692	-49.769974
19.657272	-41.91485
-9.797336	-34.318325
-5.0509334	62.910397
32.69909	-0.88531786
19.7126	-39.47612
18.490545	22.6339
9.19073	-11.4673
13.88437	34.77956
-20.80537	-19.49402
-20.34814	43.855415
28.470646	-46.238155
-35.38651	47.019386
-3.8811183	24.208994
-30.490906	31.098085
30.589474	-8.915488
-13.511892	59.665314
-27.05551	23.605595
6.896976	-40.78672
-15.535183	-37.570637
-11.70562	58.6302
-19.84105	-28.331533
-12.592349	8.499365
37.910046	-23.539818
-8.812464	59.93578
0.35723594	-12.137427
-29.74709	25.703331
-29.05572	53.43791
-23.148832	44.172817
-31.811752	9.678122
7.5941596	20.771822
-13.194833	28.286518
29.389257	-45.543594
14.150735	31.346287
-16.763084	-31.812838
-21.128157	17.936625
34.214947	-10.179145
35.794113	-11.689744
-17.246326	-36.38939
41.017246	-36.00007
36.78862	-21.407967
-9.535212	-27.972685
31.137905	-6.4666977
-25.21007	25.991638
20.127707	-44.654263
8.564411	-8.936494
31.896284	-44.699207
38.06258	-31.416124
35.356	-44.655884
-4.20549	20.181438
19.969196	-20.97315
-33.863617	11.806131
18.577177	23.747568
-21.271873	13.617475
16.401203	28.64618
36.90041	-13.287074
-30.359907	52.4358
-22.231865	-35.87166
-22.453184	58.73224
23.024218	21.552607
23.29008	-33.348946
32.13817	-27.558046
-22.505144	-25.189995
20.223637	-37.382065
-22.063799	42.812824
-34.6724	49.709015
-4.8278785	62.239056
-13.528684	8.148263
-27.382198	51.684597
-19.381971	58.31776
-12.323115	-26.993534
-20.89083	58.58005
15.473337	-20.890047
-15.17363	8.418351
-13.300449	-27.733437
-22.266449	56.785297
20.506603	22.396173
-3.958334	62.7352
26.56067	21.918581
13.96681	3.9043539
14.744155	32.8215
11.933384	-1.0615712
2.078935	20.920252
6.903767	24.51443
11.747381	-2.317797
8.191445	-42.275364
40.88081	-39.424404
22.795406	31.761988
-32.101303	10.674973
-3.0089898	23.51389
32.5223	-2.6850333
6.2501683	-42.785187
19.166937	-40.847027
-18.91691	21.777166
-35.686337	48.674423
14.918571	29.674913
39.13907	-40.837265
-5.5301514	-11.442586
0.9228462	23.942314
2.6632867	-43.58196
38.998768	-30.777678
-9.105758	61.55929
12.971605	34.687443
-5.465832	24.845774
25.971558	-28.886475
-32.111362	51.572117
-22.078962	57.77606
-7.6022735	57.286285
33.473198	-45.8498
-20.940443	24.962215
11.8602915	0.55107987
23.357086	31.078537
40.3467	-33.67092
-23.441273	11.859942
13.572323	25.305485
29.39828	-49.3739
1.6871516	-43.39364
17.06055	33.605896
-3.0161154	-12.600153
34.01633	-8.258281
35.285187	-30.577782
17.944365	38.802917
5.721341	-10.472836
42.767498	-37.908154
24.353922	-20.615438
-30.895342	27.9409
-21.044123	-18.883152
33.59848	-9.302105
-6.66687	-28.630919
33.425602	-6.33246
-26.993305	-35.201195
-30.224888	53.560764
-11.63711	60.332325
-18.96675	-29.149101
21.784464	33.302742
36.286495	-17.221159
-2.5889485	57.803368
-30.062359	8.501206
-22.011477	-18.748104
13.446808	0.73976475
-30.401968	54.563343
-23.308296	14.355566
-8.505858	62.449703
21.910336	-22.359432
-30.783258	8.910601
-5.2444615	20.547728
-21.124884	-21.461
34.2425	-29.211395
17.632244	32.974644
-24.413744	56.52075
36.259514	-15.741881
25.12814	-20.327915
10.368898	21.197155
24.201685	23.465836
-0.14779148	24.85045
29.235535	-19.14919
36.20881	-14.464938
17.859726	36.804554
-2.1630483	62.188515
-3.3422768	63.432087
-7.110112	-33.061356
-12.472231	28.863216
-18.756405	21.083998
-37.166904	11.182557
-21.791063	16.594797
-32.678764	50.687534
-18.172556	-28.61783
-12.1775675	9.299552
-36.737988	8.522599
37.94215	-26.056553
-20.716816	57.185528
13.816748	1.9412727
37.10161	-39.19117
-21.591166	-20.247902
-4.5942297	21.015335
-24.076637	24.881319
3.857172	-42.726994
-4.3645525	23.52636
-10.117926	-22.277344
40.038956	-31.81779
-12.317587	59.72857
23.806688	-31.727076
-21.665369	46.937435
-37.599777	10.01589
-33.913197	49.054466
-8.627696	-27.496878
-19.536701	-37.364285
-7.117664	-21.128403
-21.113398	-36.04905
14.708006	-0.26082128
31.201601	-26.105919
-20.648268	-26.653248
-20.61105	-22.744904
-36.266483	10.72892
12.81712	1.5306592
16.128674	23.878304
-15.582394	8.995308
-30.03147	4.6499996
-11.300338	61.192017
14.578329	-19.682962
-29.671646	4.439947
-25.181942	22.412321
-16.428158	-38.117798
-13.953634	-27.189474
3.7907832	19.727283
-22.760284	-39.609875
-20.5188	-38.21036
-32.473507	27.588442
41.729923	-38.456734
-4.459858	-32.604855
-25.315912	20.851145
-29.45405	30.705841
-11.333424	29.599983
-25.660461	23.624956
-9.709059	60.141445
-8.528897	-23.181654
11.646579	-0.26676
-4.355156	64.15164
22.47117	-34.459484
-8.405722	-25.948057
-28.151148	24.025206
-29.136696	3.667666
-12.905825	-36.426193
34.638958	-9.148496
2.884211	20.340235
30.06769	-46.17942
-22.743284	14.926166
8.92384	-10.474776
-22.397589	44.776665
-10.227857	-21.734388
-3.0830913	-13.411684
35.75473	-19.121292
-10.910872	59.050457
15.523704	-0.44942993
-28.80193	31.644709
-12.527256	53.765472
6.506507	-9.940106
36.50757	-30.528616
34.02058	-30.733229
29.994703	-25.859472
11.729577	35.07082
-23.884096	58.22709
12.816236	-1.1111205
22.213512	-20.773205
25.802052	-30.141703
28.642052	-29.3292
36.18592	-13.118202
18.200476	37.563248
-35.347916	10.232095
9.108988	-9.42653
31.8427	-7.5121984
2.4240963	18.622623
26.673422	-29.785969
-18.506552	14.997553
-16.338558	-36.4941
-20.452534	-32.902084
-36.142788	47.177128
-31.236935	25.957628
-11.2349415	-35.29197
-30.280819	24.953785
-33.677746	27.128464
24.911055	-31.47299
24.92384	21.44722
-31.887133	27.93269
34.174156	-45.037495
-0.52242285	-11.561112
-5.8782907	-23.392881
5.2396207	-44.07203
36.46321	-31.680975
32.817066	-8.402256
-23.521254	23.913023
-23.04332	-37.922142
21.895258	-36.046337
36.867706	-38.804993
20.559914	-42.027878
16.863674	-20.752508
14.886779	1.5377498
-20.385424	24.031523
-26.500843	26.86046
34.800343	-43.831146
42.71814	-36.65464
-27.658213	-30.102978
-17.785486	-29.43695
36.800983	-22.362072
32.45402	-19.68148
13.666237	30.692514
34.226543	-19.405687
-7.974175	-29.59349
40.070824	-39.759422
13.8780575	3.1317363
28.450655	21.562057
29.86379	-47.346127
-26.645626	-33.24669
12.562557	35.51431
-21.936157	-24.868261
-34.854736	48.37314
31.081482	-19.826761
5.0351377	23.365707
-28.08375	52.388912
2.6559749	-44.46915
3.6549926	-44.442123
9.943055	-11.353982
-10.359185	27.962244
20.313084	-45.52481
-8.759816	58.41784
37.13247	-14.955762
7.157468	-42.59864
18.05373	-38.94283
-12.077473	28.009165
17.322906	39.064953
-31.296682	53.428856
26.506079	-19.11928
33.104176	-18.7481
-31.701324	8.284491
-7.1045375	-23.05154
-3.0387921	-26.082092
0.8439152	24.827986
-24.165003	-35.893612
16.32672	33.14578
20.850164	-21.190405
9.278047	21.019056
-26.285343	22.784359
-20.434961	14.30323
-4.6743436	25.050653
-31.517176	11.243224
-21.500145	44.083496
5.410482	21.745647
-23.07256	57.548443
-21.589195	-23.632574
27.586365	20.910936
1.4943212	-11.33319
-18.697447	-32.337887
32.357597	-6.4368114
-25.774124	-34.760113
35.91483	-43.73999
-12.661635	53.632305
-22.248552	11.809995
-33.089382	52.26849
-13.91441	8.9337
26.013147	-27.557491
22.959959	-46.607494
27.745552	19.963902
-28.360893	25.158644
18.604918	-21.079708
16.02756	27.789646
-9.588994	-26.637524
19.945372	23.14495
-11.06086	30.60695
29.822592	-48.18122
-21.936842	46.044758
-6.125434	19.967873
-35.256786	11.172905
-23.342207	26.10934
-18.888538	-27.548237
-13.300662	-26.600376
-10.104789	30.819021
4.538154	22.454466
34.884605	-45.929806
-6.377792	-26.875317
-7.18355	-24.615376
7.925814	-9.621719
-9.670564	58.755405
-19.258091	14.556416
19.10851	32.790916
-20.130789	16.643326
24.402927	20.520706
15.575917	-22.438467
-12.198786	10.136113
-6.2982383	63.21329
38.18317	-41.91011
19.79707	-42.916145
-4.035135	-13.345026
1.2917866	-12.342756
-18.69663	57.65484
25.95233	20.970573
-36.006344	11.959143
20.25448	-38.140934
-23.95376	42.631245
29.977812	-27.93843
19.736095	-47.38483
31.352043	-28.350218
17.413877	31.896627
-20.294489	-36.812744
-23.316956	16.072763
28.607117	19.39774
42.060154	-37.10171
30.473284	-29.259901
20.179174	-40.70925
7.8085017	-40.54197
-1.9390051	58.284767
31.610928	-2.6848269
8.033112	20.24593
-16.939886	9.249033
-2.1884584	61.027813
-35.85284	8.965943
32.398174	-1.7902912
-32.1897	52.813404
15.878985	-38.597813
17.569944	-38.347065
-22.214054	-34.842598
-21.175442	23.36569
-15.846713	-38.848625
-4.1128616	-22.71114
33.500866	-4.598703
-5.469761	-32.928104
22.75859	-45.93876
2.6073432	-11.773647
-1.9429725	-13.035111
-2.0299156	59.289978
-21.084074	-31.534758
0.004429849	23.9394
15.785701	-20.355303
-27.057924	-32.205204
4.1301894	23.468067
3.5010307	22.785757
-27.18718	-31.262989
-21.940456	17.421322
15.244689	23.099058
22.085041	-46.570538
-32.815228	53.52115
10.491069	36.374496
-21.553415	-26.185772
37.944824	-25.490843
