-30.56108	1.5112609
25.775467	6.296136
63.52091	11.872415
39.761868	-33.845383
-36.18805	26.044924
12.821083	35.09836
-14.000998	-30.935171
-17.15078	-35.33304
-29.638285	15.389387
11.986831	37.96662
-37.260952	32.345776
-43.795788	29.364708
17.693115	-24.1295
17.979427	-29.332104
20.993694	3.2612045
9.70048	14.200844
-14.904803	30.187096
8.789776	13.2458105
-26.4888	5.346566
-3.191799	-37.677277
-25.154112	25.607655
30.2227	27.25527
-41.77968	23.381147
-0.5432913	15.059728
15.018982	-28.921907
35.359318	-35.125282
-17.537943	-4.1184716
-38.30784	-28.173397
74.691605	11.396094
6.7796803	-29.15743
-13.521643	30.029036
-17.194542	-30.366913
-4.890104	-23.392864
38.357864	-32.686832
-7.8717184	-16.381107
-17.140139	27.262003
23.332338	-18.90586
-0.916169	-17.780493
-27.927534	-4.88356
-44.85283	24.162083
29.544312	21.188776
40.624043	-35.419823
-25.26622	2.6499178
5.3389044	12.145625
-40.958157	-1.126979
-0.06352325	-30.5246
-18.642069	-35.51164
-41.949165	-16.219704
-31.441128	1.8985875
7.166723	-27.710264
15.1186905	33.91197
68.903435	14.620205
-45.616352	1.3052415
33.27816	18.841255
-6.399416	-39.755943
20.0001	34.69853
18.979473	33.847828
33.309036	22.081923
26.843956	-9.866641
7.708341	-35.219948
-26.529724	20.846825
-50.032795	-26.172525
-3.2984483	-40.67947
14.871582	-32.10229
1.984342	-19.589819
-40.41725	-20.207865
15.109517	-39.39453
-43.94638	30.839056
-6.311269	-9.944668
-26.205328	-3.5470915
26.86566	1.7398553
-38.06066	33.639877
4.4846244	33.54493
-30.809721	23.624926
37.636948	-34.118702
26.204134	35.647404
-32.511314	4.7054567
23.962759	22.673422
5.576376	22.250734
-16.745007	-13.308404
-4.342168	-4.2574415
-19.967821	-5.945485
-2.438078	-0.24818055
0.66765577	-31.73517
17.323195	-37.72711
-14.971452	-34.637203
9.428306	36.85178
32.658802	-35.703777
23.462524	-17.156534
-0.8393811	-40.58714
27.314667	4.082085
18.943848	11.041641
-20.562536	-9.7315445
6.1772475	-35.048634
-1.656714	1.4856776
28.738855	24.93268
26.745247	28.218878
-25.001451	4.291774
9.311105	-3.859032
12.375803	-33.81748
18.88399	-28.062273
31.217695	29.606115
-0.37964642	-20.385935
27.238329	31.66187
-39.400024	28.896376
2.2546556	-20.82819
13.856613	-48.852016
25.48338	-10.042731
-5.979042	36.82241
28.87457	1.3621124
-19.19776	28.72315
18.026587	-12.515363
-39.719093	-22.830774
30.194666	-34.990013
31.81149	19.030916
73.55503	11.83501
-50.827618	-22.35235
6.8383093	34.45914
-39.65088	-24.16758
11.16385	35.295567
14.935654	-17.190742
-24.637703	-2.617097
-41.708828	27.357264
62.804123	7.9932375
69.50247	5.6638856
-16.76121	-3.2912817
24.421732	21.781408
-10.464445	13.478308
-26.989498	-0.263813
-27.73089	-2.7670975
12.831963	29.869791
-39.1928	-26.837877
-45.446266	-0.09653276
29.246954	-35.267555
25.827354	34.305836
-41.628113	20.64058
20.63931	35.339306
25.730125	-34.784843
-46.693462	-24.836887
-5.7856755	-4.161051
-11.639693	32.777256
-6.1900024	-13.004067
-29.580519	-21.46472
2.1631477	-18.325697
15.354203	-47.71302
-5.0286126	-5.8522773
-32.47751	18.358545
28.730597	21.88551
-5.034048	-39.799988
-32.497627	5.739173
-2.6147814	27.80163
27.262455	0.33802125
-9.917905	-17.880312
-23.126541	31.986504
16.21377	-23.212297
-46.034412	2.4870675
6.7732058	11.692372
-26.793968	31.20867
18.143227	-16.240952
-4.517795	16.279222
10.774145	-36.74904
40.993908	-32.585163
-1.344175	-8.844669
63.601467	8.24774
-5.378419	-11.197757
22.940851	4.1348166
-33.172256	-22.793928
-3.806025	0.13855347
6.379081	-31.291548
30.7911	30.687227
24.927572	-5.240225
-49.60385	-24.540306
71.56033	6.493315
-48.79594	-24.364443
-4.591072	4.496828
24.759556	33.187817
29.78268	23.011913
-39.09857	-20.818392
18.937273	-18.658812
69.5834	10.900068
-21.365353	-28.053019
-36.684162	-31.83345
70.219345	4.1692424
-16.14985	-33.97371
-29.668865	18.587097
17.409172	-17.314268
-38.052067	-29.769539
0.9112434	-1.1807655
11.317832	10.053362
23.753746	-36.218586
-29.018553	16.972256
13.013034	36.932987
21.144781	2.4661157
68.26418	7.5691915
-1.130754	-9.913015
26.874132	20.723824
-3.4863436	28.59258
17.94632	8.746525
-6.930764	-9.202222
8.424486	-26.019129
-0.808648	11.218444
-28.545126	-5.642607
-40.279167	-27.664944
0.49646917	4.288516
3.4473655	21.820602
-24.615732	21.252783
0.5795209	11.534402
72.78904	16.815413
69.03438	10.095376
21.417818	-36.659348
13.018866	-33.11591
9.588542	34.4315
17.723211	-13.318662
-40.198715	23.352942
1.9701967	27.912943
26.528498	-8.3731985
-32.04982	7.497312
68.16881	10.788751
-30.531862	-21.04588
69.320595	4.5360684
5.934805	-33.667713
2.3612077	-22.139437
14.677046	32.750675
4.857974	22.843521
-45.64504	28.893007
15.456638	30.954819
-15.980017	-2.269822
-35.06976	28.558558
28.494097	-19.731302
24.154684	-10.291932
26.00455	-12.16437
34.55601	-33.27391
15.758726	-22.521381
34.41023	-31.37798
67.96005	16.327007
-4.3280907	29.24835
-34.916912	25.112608
-26.77929	18.550858
12.987601	-16.706676
-15.407687	28.468899
3.0752323	20.694736
-21.469559	-29.912935
-4.867143	2.696939
-40.835804	34.233555
-41.10902	-13.992975
26.306192	-20.701517
-19.90699	24.249182
-24.41917	29.832802
-4.9928145	-16.243456
4.51297	-34.516518
11.024841	8.767065
-44.70295	-25.537577
17.93454	10.142528
-34.0577	19.031984
-3.6216917	-38.83235
-1.1761018	-28.771957
17.362467	31.496851
13.051234	28.523878
-22.366953	30.796974
7.061607	21.564955
-0.50377387	0.749965
-7.9642506	34.15962
13.465927	-29.031788
3.5072787	24.030285
-6.951698	35.58973
21.813349	18.497725
-17.956964	34.015766
0.5268756	-33.045715
16.421797	10.414131
32.49234	20.251692
-0.87834024	-36.175945
65.428375	10.210447
6.3623023	-32.75875
-38.35989	-24.285992
36.14778	-33.932014
73.775246	9.502986
-0.5482836	3.3806367
-5.5576487	-15.8092985
22.373568	18.364347
27.017542	22.689882
10.047289	9.727675
14.852432	8.852394
-35.89194	34.218925
-17.526579	-13.217932
-41.276737	-21.739378
22.631199	-11.847817
9.561198	7.5876484
63.406216	16.761936
-42.956276	33.644863
-29.108856	23.110563
27.449509	27.1604
12.385341	27.915007
1.2025188	27.438602
67.959	14.655873
-6.0693974	-7.7173567
-43.557587	32.63184
-24.08035	3.1159623
-41.01535	17.516476
16.466154	-19.456549
74.10946	5.815917
-7.4160285	32.360046
-28.248203	19.240011
-2.2919536	-38.360523
64.4864	15.535832
-26.709808	0.70875126
69.70396	15.590394
2.9732637	12.059986
-28.94325	6.031889
-25.335503	30.846975
-20.74068	-7.2380667
10.215985	-35.833546
-21.642794	-5.483024
20.101334	7.1700563
-41.024075	16.39542
11.30705	18.126537
-5.205068	-3.003292
35.91651	-36.445435
0.8111645	12.40333
-41.38464	-14.538582
-38.632324	31.445541
-24.26162	31.700884
-32.34974	24.249512
28.897264	-0.37720272
35.14265	-30.929611
-43.402355	24.282541
9.4740925	-39.988113
39.455784	-34.946106
75.304855	8.509865
-5.5576763	-23.881
-46.8693	3.4209561
-36.694542	20.515135
-18.744078	-29.715927
-37.319576	-27.782383
73.26422	10.902713
32.725643	22.541492
10.802886	-3.2761052
-18.676954	33.358173
-29.549889	1.1834638
-39.50553	-25.73837
5.254221	7.2545424
21.457249	-34.88473
69.15852	13.129498
-36.27467	17.887556
-42.684685	22.583096
23.540533	33.43811
-13.12819	1.7141408
67.09434	8.445041
-31.778284	-22.212986
36.864372	-35.205494
0.74967134	25.684687
-19.203312	25.2468
37.18845	-30.013248
24.854067	-6.1713943
-41.009953	19.513424
-39.79627	34.27838
-28.948477	29.856247
8.8457775	11.493674
12.075792	-49.452885
23.96199	3.4027262
12.391252	32.855392
-9.774041	33.289055
10.937851	-2.4176102
-49.986496	-23.128134
-35.941174	-32.612854
26.066925	30.287413
14.800263	-30.688005
-42.153393	-0.74473673
9.245938	-41.46883
-13.616872	26.718576
27.87761	1.539086
-21.178272	-33.32515
-9.790563	13.056907
-42.026554	-27.350101
-9.951946	-18.938643
70.21843	12.136941
28.603565	-13.344083
4.1994715	32.55588
-17.635748	-6.3186965
33.899353	17.062477
-15.239674	-31.680494
-40.648243	26.61375
71.42284	15.612243
-2.5709531	1.1408652
-31.056278	18.1987
-6.9174747	-14.409728
-45.455116	29.77455
-2.067177	-20.246191
13.639799	34.154907
23.763084	-19.70511
-0.3299804	-34.995216
37.17136	-28.40059
32.7396	29.16277
11.3196	-25.85408
-28.368795	17.736792
18.073837	-37.080322
1.7841972	24.58679
-3.8790944	-8.251429
-0.11192251	-19.332327
-43.536163	-26.10431
11.410137	32.10338
-20.663956	-36.694626
-28.53875	-6.98794
-15.533248	-30.687822
21.009644	5.6288834
-18.463354	29.39837
12.48235	-48.764904
-2.8394284	13.499819
-25.140316	-4.445727
25.316795	-7.606806
-18.377754	-12.761478
23.736874	19.681566
5.491705	34.594944
18.975441	-26.274134
-19.725769	-7.63171
-13.931192	1.4937271
-32.425106	25.58167
31.297129	-35.562405
-16.748453	28.801973
-1.507786	-40.00807
12.152639	18.402077
26.652744	5.1942554
-7.0819507	12.140002
-1.9076562	14.828599
-30.663485	4.7196918
-21.803078	-7.1474123
64.476135	17.048433
-20.362156	-29.330933
16.085985	-17.157255
25.110031	-36.225082
-4.9267483	1.6018838
71.902054	8.577236
5.710449	4.726817
-35.584496	-25.93211
3.3446047	-20.66236
-22.361637	22.879156
4.707159	6.1849813
-36.00818	19.577625
-18.524292	-36.6713
10.569304	37.19038
15.296824	7.2244825
-44.769707	1.9358655
-36.623337	27.007133
-31.197336	-0.46164212
64.819374	11.245257
-3.9242551	15.712157
-38.08021	-25.88459
27.293016	-19.04172
-11.816395	33.504303
-43.171467	0.14602788
-20.008465	-34.48696
-13.980499	31.168736
23.213903	-35.51555
7.4532003	-30.613544
-11.738216	14.153365
15.010681	-48.71083
-9.96975	-16.699554
0.108308844	-21.855309
10.124215	-25.784124
9.8720875	-39.273174
-25.062672	32.732788
