6.347881	6.501429
-10.524293	-9.134429
-15.792934	-14.786811
-4.3787503	-19.372297
-2.6107063	3.4900587
16.74703	-9.0119295
15.363375	-3.4938443
-22.671532	0.5025117
-28.402529	-3.0327709
-6.1177735	-1.7595326
10.947076	-11.767743
-3.2654347	-16.906837
25.620901	11.674736
27.055357	17.062998
14.367632	-8.660847
-14.164699	-8.015524
-29.046034	-0.961263
-15.352626	-10.195262
9.197565	1.8219973
-19.305698	-0.26009852
12.8889265	2.1301622
-13.373456	2.8331199
-1.8941864	0.5209502
1.6687016	-12.7558365
25.36945	10.72457
-1.5940272	-20.72434
-20.38884	5.596564
-20.602087	13.138572
-18.666304	-19.695112
-17.758484	0.47668058
12.244367	-12.676123
-24.759525	0.68095404
4.818333	-10.499995
-3.7499633	-19.883446
10.542807	-5.475519
-26.91485	-2.469414
6.8143845	0.15276918
11.353222	1.258036
9.343704	1.1620505
-1.3151997	1.33338
-8.674169	10.68058
-2.249679	-16.748903
5.889502	3.761661
16.007462	17.390846
-24.009249	-2.9426208
11.969057	-5.585684
-19.513908	-1.9521996
-19.666626	16.07665
5.9607515	7.324101
-14.428945	5.252787
14.86067	-9.509982
-16.928183	-19.573936
-22.731054	-3.0712602
-8.321005	11.178285
17.47704	14.403781
-6.3798122	-2.4410584
-6.798015	-2.4724765
-8.143004	10.913351
-10.862175	-4.3013577
4.853364	-9.763894
17.739424	11.318797
-18.337313	12.486358
-19.831203	0.7883284
24.99228	16.799694
-12.767253	7.9782815
21.518684	15.920279
23.233736	16.094328
16.264017	-6.276957
11.580115	-4.6966224
4.9298453	4.5829306
14.569004	-8.70633
-1.3855637	3.11756
17.272968	-7.1642475
0.19929333	6.8765674
-1.0170292	-18.755974
-9.553145	-9.471415
0.29259712	-8.934037
23.399801	8.333106
-17.94741	-8.659691
-22.336842	4.37276
18.48249	16.335344
8.232625	5.22213
-28.324741	0.26187795
9.485074	-1.4151095
6.4659486	-7.1620708
14.349347	-2.0535553
16.58775	-9.462611
-1.2363163	-19.974758
24.88332	14.62326
25.314873	12.568996
23.623796	15.368685
18.695997	-9.369664
-20.394676	4.959861
-16.93823	0.70583636
-27.2291	0.7990815
-12.85472	9.863038
1.4078768	-11.679186
8.188398	1.2595623
14.514474	1.9736599
-15.099497	-0.9083318
7.077557	-0.29415634
-9.469606	12.907055
-12.611259	7.0725875
-10.106671	11.852799
23.037788	11.648392
-14.01029	7.090021
-10.081602	7.711393
-10.9344425	-3.433292
-12.373196	9.5774355
-9.196962	-1.8218305
17.450207	10.39325
-11.978527	-2.1489618
-18.821033	11.452922
17.917944	-2.8344269
-8.389674	9.967427
-18.576725	-19.046968
-7.470966	-12.738439
14.8417425	-5.5194745
-21.105515	11.424286
14.60371	-9.753891
26.248568	10.979407
-18.378294	2.7327795
-2.8494933	0.82723916
22.329294	14.877338
-17.95505	-15.298926
24.209347	14.440338
2.8094327	-10.660101
-16.572685	14.844594
6.2666183	4.8466606
5.3547106	7.730347
14.63081	-7.2076297
-19.935827	12.068979
18.490204	9.764607
16.223972	-1.7027622
-11.898133	0.6892763
15.470941	-7.017348
14.098968	-11.682995
22.783232	17.94399
-23.702774	11.987414
12.486304	-5.750401
2.485932	-9.636334
8.641317	3.3366044
-16.853712	9.155657
-12.449945	9.017607
-13.715846	1.1601353
10.495925	-2.0269191
1.4212713	-10.241117
-9.637331	7.3292212
-20.138376	2.087979
0.4156808	-7.4312425
23.541245	13.523129
16.776327	-8.432582
10.071015	5.125433
-26.291716	-5.394664
27.19754	11.462022
-4.597181	-9.600416
-13.992523	-8.632602
13.616582	2.4962485
-11.076334	-1.2071514
-12.496689	11.62942
6.3172956	-8.55577
-2.5191598	-17.974768
12.206737	-3.7859683
-17.142982	-14.041055
-20.21279	-6.370077
-7.9908032	-2.813163
-20.634628	8.536985
-27.54214	0.6620081
-5.735986	9.4769945
-10.34019	12.889867
-13.114829	-5.0819983
-7.2307196	-13.577067
18.392406	1.634424
-7.1225014	-13.788364
16.21665	12.634251
-11.9707	0.7374278
-8.991375	9.00379
-17.406036	10.67995
26.448128	13.143527
-17.09704	-17.804342
-25.458027	-2.7139106
-22.054022	13.83818
23.067488	10.8469095
-23.160341	-0.6020364
12.233725	1.9276494
5.982789	2.0621812
-21.724497	13.24946
-4.0374146	-7.1656833
-14.42734	-9.844479
25.447115	9.97017
0.7360489	-9.902121
15.599608	-8.307016
-11.222675	-7.533646
-16.005167	-17.478735
20.789167	15.116734
-9.346333	11.455471
-16.190706	10.922643
-13.795292	-11.134044
11.886533	-4.6467924
4.183481	-10.763695
20.762909	17.390472
3.6704915	-12.110265
-20.751932	12.336889
-24.122126	3.524603
21.37081	10.510901
17.630302	14.961479
2.1586607	-13.828675
-13.3197975	9.090738
-16.960049	-17.258135
27.436325	15.572045
-15.278958	-1.3494928
17.334427	-11.140051
24.66336	18.333147
-1.9557339	-0.06596725
13.935856	-7.3685246
-12.1664505	-4.2170954
13.099614	-10.840429
-16.689613	-17.129585
8.794247	6.87423
-14.404506	-16.990757
-4.4229403	8.889378
-13.292198	6.510411
-16.134504	-6.2150793
-17.981358	-8.938918
-1.4714402	-10.232907
-16.200195	-7.544025
-17.310593	14.0936165
0.8293512	6.5899577
-13.953302	-2.2884972
-11.931193	-3.0980744
26.096548	14.437584
-2.220997	-20.059805
26.004347	12.062863
23.717968	12.272497
-17.293524	-20.54777
-15.928248	10.622917
-2.4192684	4.025728
17.386208	13.22284
24.998795	14.017361
-26.926296	-2.9549642
-28.84502	-0.13452569
20.359402	10.504887
-26.066168	-0.62851495
-7.1239176	-10.182952
16.608328	14.07316
26.156698	16.729227
-26.00183	-3.5620067
16.423763	11.438906
21.987476	15.393151
24.682117	19.133053
18.940216	-7.0387945
-16.981796	11.128962
-15.26935	-6.0797577
-7.874665	8.874583
-19.091091	0.26555118
7.0376835	1.2579293
-7.7546353	-2.1211565
18.327705	-7.9359255
16.3415	9.307793
-17.255856	-9.15067
-26.3435	1.8969734
2.9924357	-9.692206
9.20334	-1.1475196
19.36303	-8.150868
-8.51888	9.0956335
21.632467	17.181244
-8.203915	5.2504334
-17.382044	1.368477
-12.75034	-9.673844
-11.0014925	8.721833
-18.293169	1.2432634
-14.677782	-16.696962
-17.234264	0.41106015
-19.477034	12.810078
-0.4991755	-20.526962
17.230083	-0.65774876
-25.748638	2.7059114
13.07431	-6.2170897
-13.800014	10.000302
-11.478827	10.125922
-14.726747	-9.735905
-13.3258	-10.255114
16.393797	2.529785
-21.52853	4.652801
0.36247244	-13.281562
25.657734	13.641136
-15.086495	-5.093784
-16.038029	-13.572471
-0.301792	-10.742324
-25.083652	-4.846696
2.201323	-11.097107
-16.707098	-8.060252
-27.35859	-1.3708678
-17.314377	-19.65682
24.19622	16.025894
-7.319433	-9.92857
24.213362	17.15025
-6.8588147	-6.7832937
4.530523	2.3147488
22.222525	18.540617
16.168055	13.277023
5.794954	8.736937
-18.853672	1.0291923
-16.802809	-2.6648066
6.127406	5.3198733
-0.07373069	11.327376
-19.645552	-7.0221324
2.9134953	-11.25137
15.921127	8.747105
7.821222	3.8194797
6.7462516	-8.071717
8.06892	6.1232414
-8.357203	-2.9734428
-7.115527	-6.8873177
14.292263	-6.3322496
19.698233	15.07835
-0.7400301	-20.972303
17.37719	16.633799
-27.299791	1.7542895
-10.497015	-4.9882865
16.480639	2.362966
12.037056	2.7165985
15.842086	-8.503412
-0.9127889	-21.575201
-3.200132	1.6352444
14.738287	-2.3878224
-2.1310668	-18.965393
-17.97313	-14.9520445
10.221225	4.1686635
-20.186647	-0.5478399
14.328378	12.447743
-24.026287	-0.7300744
-21.192787	12.706848
-18.901464	-19.227633
3.356995	-10.2696
-8.002603	6.605167
11.755135	-11.9762335
5.7020125	5.8855085
-20.191355	12.853385
13.7838745	-5.7661715
9.943344	-3.1721134
-17.11308	-18.80694
-4.119472	2.6885264
-2.0119379	0.8358499
14.292708	-12.696312
17.51324	-4.555079
-15.715281	-18.419716
-18.034578	9.873094
-1.6024878	-19.965899
-15.930201	15.358852
18.522512	10.984894
-2.953461	-21.243397
-11.508444	-6.4972568
16.170132	-5.589727
-6.9631658	-9.02569
0.52382255	6.198716
-16.276316	-9.099884
4.0608497	-9.788779
17.561123	-8.739733
16.433811	-7.2091436
2.3120606	-10.201758
21.553238	13.561512
-7.2018123	-13.575222
-6.921603	-14.384778
-14.272432	10.37465
-15.789768	-0.5900685
-23.829844	-2.5822093
-20.34811	-1.4331594
-0.9192098	6.990292
-9.471784	-2.445848
-22.553371	-1.1777414
17.242992	15.577387
-23.353085	12.386755
4.845523	-11.220298
-17.348944	-18.337755
24.067759	12.048701
-2.9689767	-12.832203
9.316563	5.470965
-8.501008	6.3320184
15.9774475	14.979099
-4.0325084	0.88137585
3.4681754	-8.345603
-26.81396	1.3095664
1.4161654	-9.009512
8.433936	-7.0690117
-1.3408275	-10.320314
-15.021675	1.4276228
15.680186	-9.433154
25.3679	15.377883
19.947945	13.939908
-3.1958573	-21.498278
-13.094499	-2.427056
9.921959	-5.9072976
0.8120823	-8.770979
10.6141815	-1.4030547
-19.280275	-7.8570204
-3.7796922	-7.4752655
-12.154869	6.506089
-23.483482	12.454681
15.557864	-10.793733
19.663359	13.70204
3.8492928	-11.587091
-3.85969	-9.624991
-8.394397	-3.7164364
17.014168	10.64513
-10.885472	7.617228
18.722828	-5.4493113
7.1696715	5.537692
-12.566291	-3.6516871
-17.971558	2.2920172
-11.002435	13.457647
-2.8911343	-12.528248
26.917421	14.427109
7.5129957	3.6887887
0.9714136	-12.820751
0.84601325	6.9213443
-4.2619796	-20.06455
14.6853075	2.538884
27.127129	10.584454
-12.566522	-8.191889
17.363205	-5.8006134
-3.3470938	-7.5405197
15.847526	16.553371
4.9300714	8.202805
7.9461646	4.050234
-16.468155	-20.49932
-24.699497	-1.176278
-16.98341	-1.6364598
25.022558	9.878075
21.096342	12.821623
-17.932825	-17.648394
28.317505	15.395822
-19.578466	10.455388
-13.444919	8.219728
-25.930763	-3.2930553
-18.029955	-10.020461
-8.207263	-8.899753
19.241806	14.400764
16.92701	-11.812838
-14.7712345	-6.052964
-22.384256	-3.1422045
-2.1586776	2.7954354
6.271782	8.054731
-16.54996	-15.451725
-12.558508	11.508696
-20.788399	11.374375
-13.590499	-3.0578496
0.6621881	-10.995061
-24.36684	-3.4833603
-22.064426	-1.0056748
13.726662	11.940899
24.71601	10.49948
-18.575304	-0.44991213
22.81849	16.325907
3.9101691	-9.183256
10.410758	6.1125083
-12.207712	7.1349225
8.985472	-6.668688
-17.675573	-0.4036092
13.183479	2.3949478
