-15.705813	-8.315389
-5.2426305	19.338932
-2.700567	12.477465
12.071387	-6.8234572
-40.634346	21.908735
59.027412	-21.79911
59.92467	-7.046515
-12.141211	42.618607
-27.962025	9.608419
-31.063948	23.78061
-32.66714	15.364999
-1.8221935	20.690027
16.89424	-43.809746
24.904951	-28.88519
57.064655	-18.726322
-8.717821	16.994854
-27.494947	15.143541
-33.55999	30.51006
-20.855402	-3.4132957
-12.136705	35.43961
-26.579098	-4.0311737
19.59386	18.83776
-36.78816	15.616038
-15.8921995	-28.877146
17.771343	-43.0266
10.887273	-10.993078
2.0964346	41.097824
16.751675	34.16086
-2.4143724	4.6592016
-7.5245075	34.38705
-36.198338	10.95309
-17.16512	37.922215
-24.081467	-29.215588
12.0824375	-8.260137
52.35538	-11.044613
-28.269875	13.331807
-3.2177799	-12.5402975
-23.298342	-9.76482
-18.018282	-5.0564513
-39.86394	21.1587
24.223297	10.746404
32.766	17.23362
-16.677174	-6.326358
5.760336	-30.372091
-14.149115	46.117798
56.571186	-10.150228
-13.408503	37.069138
7.8482475	-41.7054
-14.720587	-3.5379913
29.533535	21.605217
57.30118	-21.16247
1.2109351	4.3918896
-15.385901	45.199364
23.256744	12.217655
6.4240193	-35.884335
-31.602423	18.14017
-31.142426	18.791134
22.116442	12.983279
-19.485895	24.335442
-24.901716	-29.218512
-31.765669	-8.099128
20.40051	28.761942
-9.185877	40.147713
15.399667	-29.815744
26.14829	18.530289
16.657444	-33.879974
26.736462	-31.895674
66.16373	-15.085425
54.027134	-8.506441
-10.6564	-8.008229
56.21835	-18.988745
-29.655302	1.2608759
64.39759	-16.04404
-17.661907	8.742032
13.404645	-12.631111
-20.507343	16.047354
-15.958634	-28.034008
-36.378395	34.514313
-29.855595	35.47058
-4.9491134	42.808586
10.083408	-31.1466
-15.061958	-9.344381
-26.367098	44.040417
-23.827818	-14.502703
-26.60744	-14.400542
-24.097923	-17.203346
56.783436	-22.577908
17.743248	-1.8828388
22.079386	-33.524456
15.52769	-40.60468
21.159494	-32.38435
54.14476	-20.84208
0.7005047	40.016148
-6.052598	32.76857
-24.870243	44.515923
24.038857	18.253256
-16.04588	-29.697971
-18.330206	-6.101098
-30.388557	-2.2251973
-14.794616	29.188309
-2.1729617	-11.69299
52.35318	-19.9288
29.45631	18.76148
18.769747	0.8639932
21.213509	-38.194847
21.413149	16.422544
29.81783	13.200229
-24.902218	23.765703
23.704844	20.762253
-34.521275	21.922688
5.5550895	-41.382183
-12.909775	25.484524
21.592888	27.986994
14.074923	-14.388463
22.982834	11.127383
-1.616282	6.1432195
-36.895073	-44.540436
61.883392	-9.432419
20.994478	33.45933
58.96112	-14.608636
16.401707	-40.970028
-8.113182	39.621872
-37.352665	16.406305
17.81275	-32.80579
6.8044558	0.7333953
21.629385	-31.468945
-25.611088	-32.803535
11.413028	12.557591
-15.125173	-7.003137
-12.458453	-4.031084
60.06028	-11.974493
17.28245	35.24675
9.406613	-44.10032
-13.405557	-16.721695
3.4325492	24.465614
61.63015	-11.292219
-32.034813	16.577124
14.030208	-20.947903
24.234825	31.587833
57.071774	-10.765312
-25.59015	-34.57752
-12.71404	-10.905723
22.731905	23.406015
25.384922	17.860613
17.925116	20.459738
-25.500128	-13.671907
-24.767231	-36.117226
30.452166	11.097992
-3.8048184	31.023153
-14.642685	-25.896542
23.44299	-34.853027
55.4396	-21.04401
-18.078457	-9.6079035
-34.10476	12.697132
15.101633	-44.443626
-32.248184	-22.874413
-8.113649	17.167454
-28.213728	-2.7832255
52.62629	-12.659083
14.312737	12.58723
-25.512072	-23.537369
-1.4972396	20.56773
52.404716	-6.970198
-7.6183157	15.805964
-6.075347	42.06891
-30.600882	21.647688
0.87324864	43.363846
-25.314999	45.12049
26.436544	11.593533
18.413286	-0.81484437
-21.717491	23.215525
-37.545578	-42.949512
-4.0192184	6.204595
-36.72987	-42.743065
4.571927	-41.894836
3.1606293	24.383228
30.746065	15.511975
22.06593	26.39679
23.561604	-29.965584
2.7628515	5.781224
-16.810112	41.444588
20.68186	36.002453
19.728487	-37.926464
-15.096422	37.452736
-25.902	-4.1443095
55.083176	-17.77927
20.162132	35.17037
-0.3771904	44.113464
-25.334814	33.630276
19.33143	-43.953747
-22.044247	-36.43277
58.85429	-20.245745
-22.21547	25.471836
3.0402882	8.607359
14.924038	-33.42903
24.84665	9.411048
23.184088	26.712078
-34.340485	25.181572
53.083122	-8.42725
-23.128294	-30.219385
20.193275	-27.345812
-28.583883	-34.087124
18.534842	34.957516
-3.699628	44.073868
18.632977	-38.440575
5.5301847	-35.386646
-16.128128	-19.637407
24.896017	16.682148
4.572745	5.7977357
24.538609	-38.82184
-16.461546	28.21939
64.41998	-17.762495
14.885299	-28.110771
-35.68359	13.593858
58.993248	-13.596494
-24.082756	23.069777
-33.302834	-7.7417965
3.46308	6.3895464
-13.721719	-12.420883
7.9489226	2.3926177
-22.865784	-16.167921
28.998766	20.176418
-26.661251	31.008862
-32.782543	34.597897
-19.42459	-37.52277
-29.465515	32.76901
13.460574	33.585648
-18.804388	9.7419405
-17.466017	25.308367
-23.348923	27.465317
25.967865	-33.17286
12.084866	-9.5660095
16.41908	-42.76374
22.731737	-40.43059
-0.24048272	3.1505103
23.50981	25.802868
-25.715826	15.578509
5.2256136	-38.23991
22.19203	-30.366667
-25.266596	10.038681
-30.753704	36.367233
11.3966465	-43.290756
-23.401917	9.371979
-13.445853	23.31857
6.8816853	-43.226818
16.95642	-29.369888
-27.563984	11.170526
5.4875402	-43.712925
16.04051	-33.24002
6.2623897	-46.859127
56.09613	-5.592328
23.448004	28.18524
-24.754217	29.22677
21.527876	9.878304
-5.3844705	33.398335
-3.7845058	-11.8212185
-29.694454	21.27681
60.32508	-22.865702
-35.96947	2.471285
-30.573938	32.77767
-23.34661	42.833233
-26.597004	-35.62049
-23.14778	-13.894354
62.016487	-21.354187
29.825989	9.881441
25.792965	-38.211174
-40.476604	14.594094
-10.181093	36.888103
-5.9686522	18.936686
28.382532	15.513836
-6.976574	35.691868
7.1057396	1.9817379
-6.8181777	33.685833
14.509422	34.007626
1.7548921	-11.016137
-6.104378	1.1152308
-25.309162	7.877005
58.116287	-10.103569
22.464582	18.846176
26.96962	15.3014345
-25.590315	34.027966
-30.71405	28.610634
-29.396324	-0.80177367
1.2666736	40.883015
-15.562443	-31.569176
24.622255	-32.26873
-21.13074	30.328545
-22.744637	31.421312
-21.651775	-31.703981
-35.225975	11.180949
-23.612267	-32.944195
-29.142557	33.509537
-22.894007	10.571834
0.4205315	4.584562
20.910082	-28.34111
-13.251549	24.264872
15.565304	-28.150087
-36.957867	-3.2052393
-20.51842	-2.5441456
14.203529	-22.721981
8.772931	-30.843992
-14.059377	-2.3891118
-6.075778	35.638447
-28.766453	20.59
-14.159532	-7.5935607
-2.8531187	2.541959
-25.179258	31.553225
-26.50834	-34.21266
-35.416546	1.9520696
-5.0692453	-11.102673
-25.432217	-22.668732
-15.511792	-10.6819935
-28.9624	23.203922
-32.09065	-10.385903
59.73523	-10.639842
11.284107	-31.708246
9.950107	-10.240842
5.8151565	-31.035475
-23.79083	44.40895
-24.177557	21.641033
-30.413084	-4.6558433
-24.067587	-3.755669
56.529655	-19.775558
0.98794734	-11.164054
-37.498672	19.239468
-24.299345	-17.904215
13.051833	-10.266426
6.4783545	6.009956
-18.864832	-10.960881
-13.540142	33.53091
7.12214	-45.417763
-16.155273	40.748886
17.751501	34.353848
-2.4114714	5.713802
-26.378658	-32.022465
32.317413	11.443631
-32.660374	14.06137
-12.967612	-7.5327387
17.960308	36.655754
59.545628	-9.708538
-2.9133506	-3.5742812
0.79315895	5.714646
20.179628	9.013184
-36.4258	13.657947
-30.593273	27.881466
60.52613	-8.405824
5.770736	2.9192429
21.108774	25.740498
11.684791	-10.709474
-30.23016	38.729828
5.3703375	-39.24363
8.947485	-9.589648
-21.167671	24.421526
56.977856	-7.24528
-16.676966	22.455814
60.106552	-5.129115
-34.008938	29.996094
-25.11125	-30.435516
62.83135	-17.995834
63.670757	-15.920513
-24.877357	-33.735188
12.230363	-25.548529
-36.374817	-43.55849
-37.485744	-41.80449
21.285633	19.262901
-15.253768	29.13636
-13.222396	44.573433
-9.713155	33.46125
-21.3339	11.408786
-27.496954	23.458393
-23.94381	12.059818
5.4110966	-32.67283
24.037863	32.83326
-29.161663	-32.304234
1.6510535	6.537113
22.31471	-38.984287
-18.66489	38.20522
-14.25644	-12.749142
31.22831	11.698063
5.165455	-46.095425
-35.13291	21.210787
-28.055313	-28.823944
-24.191105	42.77527
-24.754889	-37.72931
53.589005	-9.703888
-18.563625	-37.847412
18.097227	18.093142
60.221367	-19.884352
24.557018	-33.021
12.538554	-32.89335
-42.086674	22.937757
-13.784191	25.612331
54.97201	-11.245657
-25.807106	-38.743336
-25.164906	-12.774965
-30.34352	37.50042
-2.6194646	44.311714
30.604301	20.451557
24.530674	33.316147
56.094543	-23.792526
12.754226	-33.89382
-28.370811	-33.177635
-31.255398	-24.048986
-34.3472	24.431826
6.063289	-42.06402
29.311	15.4052
-16.60577	-3.361188
-16.870546	-9.199058
-20.93913	27.495026
-7.3169813	39.567123
19.981697	0.028521989
-22.967134	-38.569183
25.765892	-34.56109
-5.2362	-11.957259
-17.273748	-31.528399
-17.178953	8.27378
16.995705	-3.175933
-29.514948	-3.3481545
14.071718	-44.276733
-21.243582	17.303982
63.396126	-14.53357
-17.623468	-33.549397
-13.160271	-28.797987
-12.884445	-3.4855492
-6.100684	-11.370787
-2.7890975	-3.1784437
-12.952816	42.412243
-5.026448	36.237
19.507113	-43.12975
12.605124	-36.15129
1.0808102	7.825603
20.643988	-45.23185
16.010773	36.45144
24.82284	19.247707
-28.07925	10.27067
-34.979134	34.276093
-20.808065	13.4211645
13.066445	-25.571836
-22.45231	17.635948
-24.342289	30.266901
-15.832343	45.36924
-38.08836	18.811832
-13.705416	-15.575808
-3.7464871	12.947023
14.576758	12.734361
17.563293	32.868572
-18.318531	24.817396
-22.740381	-34.625977
-13.035696	45.46483
-15.1989565	35.08554
3.208156	-43.197872
18.923944	-42.232204
-12.921033	34.690758
13.774228	-24.945341
-26.854877	-30.249548
-13.835638	-14.656533
28.950365	19.028828
54.629215	-10.299055
-12.412771	31.489786
-28.138103	-3.7670298
