-14.867091	8.547064
9.118704	1.3733349
-10.294867	-3.6594472
-3.3126948	-14.719439
2.0025787	-5.1916857
-1.9715352	12.851168
-4.64002	17.774399
14.195143	-11.651377
4.6194	-3.472945
4.0594153	0.5360073
-3.0539875	5.8427744
2.3218014	-9.529874
-29.137701	-0.6131917
-29.284044	-5.5207624
-4.566917	11.362831
5.5458612	4.334984
10.903751	-6.609485
10.691055	4.4920425
-16.000196	12.314519
15.454845	-8.690728
-4.6172714	4.641533
18.417826	-1.969446
0.15898886	-0.948701
-11.659491	-13.277514
-28.574997	0.45850825
1.7691782	-14.540552
18.067554	3.084869
20.06562	8.045084
-13.187658	-1.0195572
16.75937	-7.4144964
-1.4400259	3.8150663
11.183295	-10.507759
-8.837085	-16.063677
-2.4906676	-14.678337
-6.1424475	17.405712
-1.5471348	2.662298
-13.145983	14.6835785
-12.194347	13.043028
-14.886077	11.028436
0.3939813	-2.8508332
25.697554	-4.478118
3.2472646	-12.639446
-15.949169	11.495812
-16.231289	-10.791576
15.713394	-12.594488
-7.4400606	14.463671
13.333495	-8.424598
21.957373	8.0274105
-15.295324	7.6768775
18.639996	-6.92018
-3.3259225	11.158946
-11.869893	0.10550164
15.969661	-11.568339
25.17511	-4.9082465
-23.523003	-4.4402175
4.865571	0.5295079
5.3059783	0.37319636
25.289013	-5.087323
9.461437	-2.246803
-8.249848	-15.985018
-22.625738	1.3725231
20.307766	5.1012344
16.897173	-9.005948
-25.586647	-5.0624666
25.590513	0.48955202
-24.731613	-8.287285
-24.820827	-4.043953
-0.91845983	13.877586
-6.60652	15.992259
-16.045328	10.204933
-4.359235	11.102254
0.002227024	-6.2045627
-2.81709	14.57971
-3.1156259	-4.5743856
1.0894495	-12.894266
-4.2440763	-6.677136
-11.821793	-12.271513
-24.844946	4.5030327
9.893216	6.0396895
15.649801	0.5591171
-23.014277	-5.4616323
-13.190669	10.296503
10.104643	-8.55703
-10.229228	14.131275
-7.4514585	-17.624828
-5.607783	19.151815
-2.9003646	13.205889
1.3510523	-14.510692
-27.409868	-3.268279
-29.350653	-1.8729883
-25.905752	-3.2487812
-2.9291725	16.142368
18.07557	-5.0304885
15.693011	-7.1628485
8.7266	-9.606538
23.698275	-0.6878677
-10.492553	-13.245545
-15.77484	12.550062
-0.8470361	4.895752
14.178311	-4.86494
-12.524563	14.753137
27.10052	-5.0047536
26.420986	0.4984408
26.69321	-3.8953187
-27.099913	-0.9542471
26.438774	1.4032748
26.23382	-1.23771
9.502317	-1.5358353
23.683426	0.053301748
7.880573	-1.6007264
-24.729082	2.0272985
11.558941	-3.1850395
19.626429	5.1197376
-3.0635204	-7.8721685
24.754692	-4.151291
-12.558192	-1.1564546
14.6633415	8.706487
-3.6058521	14.244799
18.959404	6.542998
-3.1555152	10.869122
-29.53975	0.20856689
17.323948	-5.632339
0.82657063	-1.7503296
-25.441156	-6.342881
-8.649638	-4.3563504
-26.948067	-2.4618304
-8.275102	-13.982493
7.2417207	-5.209873
-14.817647	9.555917
-15.631797	7.4178667
-3.7835388	13.213537
19.961039	6.5764947
-26.908108	2.8112588
-0.8697295	16.648176
19.97562	-0.87420815
-3.5088384	12.595254
-2.1709855	9.703589
-27.031088	-5.48233
16.555946	7.094323
-6.424165	14.422442
-8.404331	-13.361591
-12.387602	11.867841
22.523977	2.8006768
24.397175	-0.33003813
18.02893	-2.299263
-10.558073	15.171621
-9.643969	-12.912266
25.042578	-1.5115972
16.895731	-10.347165
-12.371519	-11.322871
-25.788097	-0.027249947
-1.5408841	13.862484
-11.857576	9.882714
-2.571979	3.711052
-30.645147	-0.21008223
-3.140304	-10.564248
5.5082273	4.5336733
-3.6593246	4.9215574
10.172075	-3.2892354
25.03243	2.41921
-6.8367896	-16.589458
1.972553	-12.502999
-7.2968698	16.587004
-9.16979	-4.331678
14.465114	1.8646896
6.688779	-0.092583925
18.121937	5.392229
9.40079	-9.947885
28.235537	-0.09583939
27.251135	-4.703153
10.561858	-0.3128847
14.877822	10.217876
-14.196102	-2.359925
14.870924	10.403063
-22.833227	-1.4730213
19.916544	-1.1073207
25.427418	-3.174229
20.673962	2.5521266
-28.758135	-2.486339
-10.964101	-1.6020534
12.845595	-12.554886
19.52749	9.170265
-26.85418	-0.27937603
13.4285555	-9.888427
-5.259715	4.5588183
-15.303005	13.787232
19.429796	8.32406
4.33183	5.327277
11.31541	3.594863
-28.651016	1.2629914
-10.247893	-12.4383135
-2.6684446	12.583081
10.007943	0.41783568
-9.694126	-1.1616985
-25.274012	-7.139538
26.258837	-4.3341494
21.044834	1.227218
9.127093	3.0780027
-7.2003174	15.521855
-9.305903	-15.295043
-21.375233	-3.6522844
-10.385866	-15.421994
19.733744	7.2384667
6.5909786	-8.6835985
-26.212439	0.956824
-22.596237	-3.617078
-15.541363	-11.203975
23.126873	-1.6728929
-10.646982	-1.7853019
-27.523476	-6.366259
14.716966	-5.214864
-0.99582535	12.188878
-19.427422	-9.424786
-0.21668872	-0.30268478
-4.6675506	13.098772
10.818291	-1.8855637
-4.1852736	10.0999775
-10.313442	-1.8133116
-10.999034	11.008244
-8.469919	-1.9384866
-10.53097	17.98004
27.066656	0.98888665
10.80935	2.0455759
9.861117	6.528877
-5.4699697	-10.919292
8.541399	4.935958
21.202429	5.4365525
-3.543105	-5.0365815
13.450801	-4.2953258
11.0170145	-2.3152518
-28.193089	-3.6923828
2.3173532	-14.112323
-29.188848	-1.1865491
-27.361212	0.26422176
-12.372273	0.8615348
21.630127	1.3786545
2.1155856	-5.0929003
-22.078302	-0.5978845
-27.455265	-2.5373666
-1.477953	3.1698685
9.936396	-7.9912496
-26.69664	1.7666813
8.880557	-10.817349
1.0038	-7.390728
-22.475523	-4.922275
-28.019926	-5.3263054
-3.8364	2.2779505
-24.181181	1.5654033
-25.18209	-6.990337
-18.677677	-9.979427
-2.3202443	16.602882
21.349045	2.2115357
11.48643	1.5264795
23.720154	-3.6772485
16.041578	-8.71025
-13.311488	13.519911
6.14791	-0.3726846
-3.5164373	15.158038
-2.6475704	4.372576
9.881158	5.4572515
8.729001	-9.268282
-9.18506	-13.969596
-10.215049	13.700239
-3.5177593	16.157818
24.587492	-3.104975
-24.094704	-7.6507573
-0.4634258	1.2660048
15.354974	-6.532089
7.8593245	3.832833
25.226738	-1.3842409
16.026981	-7.385596
-8.571157	-2.6875718
16.51007	-6.886132
20.76744	6.6657925
1.5569782	-15.313312
-14.759821	-2.3342912
7.8548336	-9.63478
-5.933098	13.945445
22.846373	0.22967544
24.462385	-1.9728373
10.92111	3.872362
9.497071	3.496953
-1.3447201	-5.5892296
15.763622	0.27701062
3.1518476	3.4565845
-28.192036	-1.8280475
12.891515	1.2571108
13.394022	1.6619382
-6.67128	-12.378916
-4.7241087	3.4215114
-10.202529	-14.040471
9.098811	5.643392
7.8698616	-7.230308
-11.8471775	0.023257188
-26.104515	-5.744
0.64032304	-7.9074717
-25.691565	-4.0247254
3.80647	-2.2135932
-15.96241	14.008479
-22.809113	-7.6097026
-21.818455	-1.7741244
-21.556679	0.5643619
17.03629	-8.248586
11.221129	-5.6725063
-15.164839	9.279332
-13.452246	-0.027271098
13.394519	2.7921417
-9.661459	-14.512532
11.854384	-13.013447
-13.402849	11.870266
-6.8083763	-17.059572
-13.643662	10.449257
6.948496	0.05476456
5.006826	-2.4676728
-4.716483	14.320379
-23.115278	-6.0484653
1.8032271	-15.676798
-20.959002	-3.0773053
8.152845	-8.597431
2.1329985	-7.883272
-2.0643194	-5.454634
-5.4198675	3.4977002
-3.8614273	12.2211275
2.4931169	-15.274345
0.58428705	-3.0700245
-5.2869415	18.820162
2.1275527	-13.090665
-8.815697	-4.8928046
-10.299375	12.643251
15.361928	-9.659348
-18.723484	-9.957987
12.504919	-11.081034
19.584448	7.732722
-12.950912	-1.0733048
-8.796358	-14.468232
22.273304	-5.652879
-2.8714519	5.1758595
-15.644209	8.813938
20.461744	7.3556747
-4.8568788	14.77093
-9.742284	15.708404
-11.629151	-0.74282545
1.975919	-3.5484335
0.27113515	-1.4890834
-0.72349554	9.5641
-3.938477	17.313126
-10.134566	-0.59578717
21.376232	3.3174055
1.4898962	-13.931688
7.3981824	-5.939946
-24.45154	0.9324357
-0.21267416	-13.813742
10.632403	-1.0375752
-1.2671326	14.576785
0.5231444	-6.744938
-3.105185	-5.499707
11.090227	4.9454045
-8.444522	-15.139543
-1.9951788	14.606737
-2.456437	13.497246
-8.951326	-13.54476
-23.757477	-2.8818161
14.782406	10.230616
13.275204	-14.919228
21.36667	-0.3093495
14.441586	-5.939689
15.07939	-12.226073
14.075146	-7.3588266
-2.861673	-6.738451
7.438299	-1.4980745
13.935899	-10.861207
-21.322275	-3.9154036
16.807383	7.6687922
-9.412287	-16.248013
-11.341525	-1.1173817
-27.636574	-0.7100856
-8.665166	-9.584001
-11.590837	10.139663
22.400734	-5.147267
-21.71449	-6.2015386
1.8165365	-2.3705602
-7.0926733	-14.282421
8.651048	-8.932049
-10.200525	-11.478643
-8.1027775	18.914501
-5.7156153	-11.168087
16.588272	-2.9974597
-2.4983919	11.79283
-27.444511	-3.8162124
-24.689804	-5.2618213
-0.553128	-13.791639
12.621133	-3.082936
-6.7855835	17.960518
-11.109629	-11.737455
-10.979229	14.724222
7.885568	-6.1175046
4.7854767	5.317677
26.4873	0.23361605
16.699545	7.404702
-5.261985	12.220446
-23.954224	-5.575656
-9.964376	-15.503861
-4.0295725	-10.899461
7.698085	0.6270095
-24.824024	1.9204513
25.783453	-0.75830936
-3.0653284	18.16673
-14.55584	9.904145
12.247291	-1.7130721
16.203577	-5.304291
27.014465	-3.1137302
-9.049755	-10.143599
-27.157307	-4.637382
-13.320621	11.47178
4.202144	4.375791
-3.702731	-4.7689533
-3.753329	-15.186537
-1.381211	4.4138985
-30.395403	-0.016002214
8.056011	5.1953573
-1.2941982	15.444883
3.7701118	4.6148143
-16.079205	-10.775911
-15.818392	6.053517
-13.798557	12.012017
-11.66061	1.0980498
12.49348	-12.171986
17.706089	-6.6101847
-28.484907	1.4354099
-24.23587	-1.7215155
-11.512559	-2.046654
-27.985981	-7.2897377
18.955667	4.2315826
24.875776	0.40247506
-4.16219	2.9949903
10.034811	7.329589
3.2531765	-5.712509
-24.261675	-4.3833704
0.16406599	10.025686
11.875515	1.4216336
16.157938	-11.186721
1.0503653	-4.542128
-14.766504	7.0713487
-10.264997	-3.055138
24.972477	2.3894238
18.815681	7.074191
11.55688	-2.346996
-9.302164	-12.272168
15.243527	-12.940596
14.374469	-9.877871
-8.5875025	-11.658904
-28.320932	0.7976988
16.29187	-8.116917
-24.027098	-3.7572737
-7.874965	-14.93927
-11.954806	8.78553
26.965967	0.117755435
-7.8351555	18.700563
14.862713	-7.692655
-4.1065474	4.6663413
