33.875233	-9.025518
-9.130547	-39.20516
31.676098	16.419584
-19.08733	-24.451134
-10.017219	-13.833541
12.789336	-21.916353
-43.76665	3.4882624
-15.676112	-5.8160243
-36.005276	12.769714
-6.429002	-46.62202
12.325006	5.6751356
-35.208366	-5.5232897
24.911121	-14.576338
-0.30652016	-40.459152
14.25253	-21.567623
-28.818468	-26.759222
-25.896904	-19.52422
9.889822	-7.6419926
33.29203	4.0880227
-14.404925	27.494537
-29.302544	19.793268
24.701574	22.653465
-14.534009	-26.101002
8.166415	3.5016704
27.464127	-19.325813
38.642258	-12.56708
11.119721	12.426484
-18.116545	-45.286068
-17.431559	15.938537
-15.1286125	8.898563
32.790943	-24.10409
-28.313951	-25.860344
-4.466694	45.79448
42.97154	-8.434095
-25.376705	-13.1220875
19.170654	31.32594
-14.661088	-49.111828
-2.6504254	1.9099292
35.152233	-11.956465
-20.300158	-7.290335
-4.0826817	-30.50993
-21.807943	-27.57194
36.189453	-10.940385
11.133318	-10.65724
-26.432547	32.635292
-43.130196	9.836526
1.5717934	-29.760763
18.034008	48.317997
4.5783577	-21.93176
-18.232248	-41.382298
-14.025318	-0.41393188
18.599464	4.5097485
2.4113462	-36.14002
27.118889	35.180485
37.564278	3.2670317
19.517168	6.5321145
37.93871	-0.70621
22.628765	42.648796
-24.890985	-3.8267508
-35.907303	-6.47226
-31.636541	20.82083
20.8339	-21.391104
-11.926376	-8.796407
-3.3721457	11.446635
-14.94495	-51.140846
1.5020387	-40.68947
6.0450363	32.965168
26.340681	-21.60494
12.91659	-3.6530466
-14.01395	-41.496796
34.7967	30.575771
-14.286163	16.701471
-0.9172224	-42.172222
25.611225	9.669809
-25.354841	-22.41186
20.846415	-6.8438888
9.049894	3.3985822
-8.59357	-24.176495
23.546347	20.14227
-2.4393716	-14.439689
5.372721	24.996159
32.27969	-9.572218
-30.238108	11.329852
-17.224274	11.868989
15.9837265	17.549307
12.534455	19.222197
-20.29208	-9.316427
2.6260583	9.099381
8.581274	-15.009914
31.851017	-33.095497
8.736091	-5.934417
33.78951	29.903807
-35.76229	-25.297462
34.87846	-32.01036
-29.844751	-12.106437
-23.803398	45.48002
-45.01188	3.081254
30.0765	-4.4907627
-3.7840943	20.875858
-22.95571	28.085949
-20.155973	-48.98558
7.4318666	30.333387
25.234629	2.473376
36.47575	-18.851894
-6.5760913	-29.482548
-38.385235	22.364044
46.074387	-17.54033
-35.299984	-27.174746
-11.947186	-15.408607
20.01104	32.205265
18.146482	46.855534
-3.0650592	-20.90482
44.031937	-16.53038
-21.70787	-28.953299
-18.45514	17.146843
-6.8546467	37.236702
38.437534	5.3218784
-36.448856	19.487118
32.784103	-11.698871
9.992323	-6.6898413
11.806303	-11.2509775
-18.334732	-11.194945
-6.145679	-3.523367
2.8735971	-7.1477447
21.841858	-0.13426556
-22.898214	10.347127
20.10644	10.742757
33.399826	-17.736656
33.946945	-19.542604
-9.832475	13.654992
-39.95593	8.306432
-32.203102	23.410288
34.591362	32.352543
16.741182	8.486008
-4.4726686	29.12379
-42.096706	6.923862
-41.73621	10.844677
19.86466	1.4101615
-5.9787183	18.320324
-43.968204	8.791991
0.42829576	36.678898
26.876938	-28.209408
3.1386974	-11.186502
-16.97296	-48.62538
-11.588664	6.733391
19.633148	26.017775
-5.7357154	36.899418
-0.44217062	-21.256334
30.035498	-34.92657
-23.254713	44.872383
1.6530691	-20.433067
35.896217	30.952316
-7.550173	-24.00233
32.907715	-34.32372
17.450098	41.108047
-9.996677	-12.120285
-30.998096	-38.342346
-0.9593665	-16.962654
8.695869	29.440332
29.21441	-3.5489347
23.94809	20.897463
-31.67591	-6.9082723
-17.491995	-37.546215
24.368832	35.401222
9.994125	-16.486639
-1.8977715	19.395147
31.577953	9.224264
25.044823	-30.388247
2.336556	-44.27036
2.8724415	8.414539
33.10983	-4.546034
-34.538948	17.726952
-28.079695	31.50316
15.542635	40.46553
-29.80449	-38.0665
-24.3171	32.278168
19.828596	-36.092995
-26.07834	-24.430614
-20.482004	-47.681
23.93579	-7.7926598
-21.82068	-4.283567
12.586824	22.34246
-4.570957	-11.277298
-19.07675	2.0970526
6.174274	-14.722353
35.667118	29.6237
-12.1634655	8.978909
6.3524756	-36.83301
46.17737	-16.746204
29.173763	-14.034482
31.455605	-5.984743
13.946277	-19.96375
-7.0959272	40.739464
34.869236	-18.786762
-5.6417613	26.759167
18.694923	10.312095
-10.348931	-27.95131
14.0248165	39.92208
-13.011835	33.05151
-13.44118	7.8756266
-17.635836	-38.263363
-3.3512616	33.348434
-12.984057	32.059364
-5.7015066	-19.867886
-3.1281605	10.238473
-5.014288	45.18136
-25.31479	-21.429825
-14.758792	-44.09166
-12.060044	-47.03835
2.2222834	-34.92432
-33.75605	-27.86886
-5.3287187	-41.989338
0.91995215	-6.151052
34.688152	-35.048855
-2.3032794	1.0403082
-14.727382	14.846914
-33.362453	17.37019
35.623917	4.8956943
4.7520323	19.119137
7.221676	-36.352028
-17.729452	13.814652
-21.766096	-24.478065
-9.391251	-16.678934
22.164173	34.930935
27.663948	-20.96687
21.787897	-32.26067
-13.474494	-43.6735
43.63831	-18.11891
-30.890781	-26.152056
-19.097555	34.016586
15.691123	32.170456
41.870995	-8.843874
30.079544	-19.932127
-43.183823	-0.6492583
-26.635157	15.402139
-3.4882824	5.726865
-25.632936	-38.663094
21.292103	42.877125
-19.209505	32.161236
-0.46379325	29.750696
4.9033823	3.6159303
-0.22987886	15.703104
-2.7913675	28.597176
2.4391136	-18.92644
26.0056	35.172222
-37.41255	22.62046
-39.955997	4.776077
45.78649	-3.1891232
-22.15291	27.771576
-16.8801	43.230362
-2.9343433	-0.12650383
-14.415507	35.670097
15.991267	-24.734629
6.849365	-18.099537
-10.779273	14.358953
-13.492719	-49.421696
-0.2745294	33.443295
5.8065677	26.101795
-19.428831	-11.8222475
32.055546	-25.468676
-11.13417	-38.92386
-1.5303973	-15.767295
22.378069	-12.622186
9.229853	37.304924
33.36326	6.7564926
-21.602938	-17.059029
-3.2956917	-2.8811393
-13.105335	-4.94391
-19.03769	-51.830086
-15.72107	-26.205893
-29.812504	12.813612
-16.207253	-18.118048
-11.422669	26.688156
-11.173086	-50.081543
14.93993	15.896831
-19.60807	17.88131
-13.465234	35.41429
-40.60575	9.90143
24.336918	41.19924
30.072195	1.4716259
8.715022	-27.248037
-17.188438	31.395496
-6.971862	18.585693
0.27062744	8.80311
-37.798073	20.759249
0.15350088	-38.018013
13.415146	18.621178
-8.8560915	-15.516791
-25.739197	15.775786
30.779604	-31.830235
9.961808	12.319058
-14.978016	-37.92419
1.3041564	24.997427
42.960926	-0.1457839
-22.282412	43.818436
0.60192263	-22.220161
20.455725	-35.668648
-13.369888	27.709728
36.463444	3.4216025
23.670805	16.423704
35.12001	-26.91691
-28.246195	19.503185
-1.9820119	20.663973
9.7501545	38.408222
-14.3732605	6.6583624
19.359737	41.16699
-11.040899	-24.60944
-0.29920608	35.514336
-14.495689	-6.3246393
-14.051612	-47.568092
11.875962	21.189056
-5.950687	3.8367884
-32.70879	-27.729662
5.792211	-10.611568
31.111591	11.401649
33.585606	-27.87982
44.04971	-8.272926
-15.893393	5.852661
20.96786	-31.659449
46.01529	-0.19248508
4.7968225	-10.663746
2.7507615	-22.672405
37.460247	28.655437
17.273542	17.835243
3.9884753	-8.848271
14.441529	24.539047
8.611967	-25.10837
-15.901048	-46.49208
-4.12932	36.85458
2.9711778	-23.865528
22.539057	34.11173
-39.83584	19.851797
-38.738125	-17.601805
-7.143005	39.51985
24.941399	9.731521
34.997906	6.467594
-5.164583	-30.062363
30.27699	-24.834497
0.47167054	29.349304
-38.273487	12.07952
24.833925	-9.383959
-18.630293	3.1123471
5.01726	46.081566
33.922367	-25.962963
23.894852	-21.867634
-37.37734	12.485501
-33.926544	-2.9484906
27.100073	1.3426208
37.771538	-11.616984
20.379196	24.589233
18.261496	43.59541
-21.364628	32.436802
-20.021948	-5.3444242
-4.0057693	-9.91982
-17.210175	-11.081986
-4.4817934	-42.163784
-21.633034	19.027786
32.942497	-31.477463
-2.6918232	-44.451603
1.0678048	-43.87595
-5.22185	4.023675
-31.026115	-7.3207283
34.575962	8.398164
22.504128	22.287842
5.0585985	8.766601
-31.941687	10.176892
-11.325475	-25.583557
-17.345066	38.953873
2.4271858	24.749422
-27.119402	-35.710724
3.1626298	18.67641
-25.657803	-15.591986
45.603577	-1.6159899
-11.5409355	-51.728455
5.549697	10.062235
39.19369	6.4742203
-23.979656	-4.0820365
5.1179137	17.12828
7.585453	-14.263769
-16.317791	44.19578
19.467285	28.448183
-9.007148	-17.648006
18.542103	1.5004576
-4.446183	18.764126
13.5666275	-3.2406974
-17.460087	41.153767
-17.646545	-49.771652
-30.205755	29.647896
1.1981926	-28.697304
14.684716	-18.402159
-10.947597	-11.744037
8.854274	-28.254248
-41.55147	6.275935
16.241846	-0.9062678
-10.443686	26.064964
-26.627502	33.89524
-4.19276	-20.715815
-19.15729	-47.565834
21.322315	0.7458673
-25.658958	-17.166212
21.26382	11.333494
-1.8519957	-43.03559
24.599503	-26.916647
16.912756	32.013874
19.208097	46.745865
-15.491641	-25.033228
38.374496	-10.389197
-13.353151	-0.6937787
-20.718908	-12.163389
5.6960173	45.594963
-26.750385	4.788098
3.90203	-6.4822106
-28.391768	2.328752
-11.9365425	-48.855637
23.313108	-13.097555
24.16432	4.8801165
4.23573	16.575468
-25.920448	6.00679
26.04629	24.908829
21.953115	-7.040503
3.0918515	-37.67264
-34.423885	-4.4285684
13.672585	23.610977
31.013288	-7.341953
-8.56995	-47.670757
25.992455	-9.565051
-16.978165	-4.7328267
1.7199831	18.590363
-44.713467	10.638243
11.678271	4.735147
-27.969164	3.1970427
30.350391	-13.3791685
-1.739747	33.976315
-1.5522987	14.759267
-32.697163	9.887484
-5.273066	-23.411085
-4.7469535	27.426601
2.6006339	-0.62166363
27.108143	25.153131
-38.9102	-16.276525
-5.2867336	-3.8224463
-6.8058615	43.123314
15.047465	8.946816
6.451715	32.005344
25.478136	-28.452787
-32.288136	21.792799
-20.276337	2.4278429
-36.54148	-24.197018
-8.59197	-11.084462
7.2842426	11.481648
-27.928404	-37.555717
14.50042	14.190222
-22.16488	19.82923
3.5836241	-0.9294964
22.704046	-21.848566
14.411908	10.479939
20.261961	7.00802
-3.7062638	-8.980599
-15.999819	10.051552
-23.462976	9.75821
