-31.477423	-25.768663
44.71289	35.380093
42.88015	31.18663
-23.14846	-33.39587
62.579876	2.0606568
13.627619	-17.18864
20.616396	-17.292307
44.83661	7.435715
62.996944	-13.228706
57.952065	11.293294
61.85538	18.582994
47.68738	-13.96198
11.399928	14.91153
-7.66298	-11.272255
16.52719	-16.56808
50.547207	-2.891374
51.560974	8.123179
43.509666	34.022274
-31.422169	-29.452667
56.409855	-11.779825
-34.163517	-35.356865
-55.83539	39.88871
61.449432	16.024124
-24.468636	-35.887352
10.331519	14.654343
-30.995342	-50.47911
42.116104	26.641882
-55.49825	22.66337
-31.12629	34.605255
42.69628	3.1853623
46.176975	23.708153
59.005272	-15.462094
-44.56716	4.7936935
-34.359303	-51.397297
21.844368	-28.179567
64.39917	-10.234887
-39.03472	-24.970436
-34.261906	-33.309654
-33.189045	-30.252947
62.718933	3.8868513
-66.12031	34.647606
-34.020473	-44.59355
-31.760302	-27.470121
-13.741722	-7.0577445
45.347214	16.28176
19.797676	-23.605127
58.485176	-11.349372
8.899666	4.9256253
-26.43591	-20.922945
-54.104935	37.022854
15.669411	-19.116385
-31.578403	31.453
43.77081	17.3237
-64.34159	34.76603
-2.4464962	2.090358
56.479828	14.6670265
55.021915	6.0216393
-63.710606	35.08639
55.618343	-1.8684134
-42.55225	6.054448
-40.61036	-20.013443
-57.57737	23.562937
42.351395	6.864934
-6.8542256	5.822961
-57.16705	36.805992
-9.458204	8.137626
-5.085376	6.664562
19.399315	-16.633568
18.61156	-29.47334
-34.8337	-20.805538
16.552212	-15.655614
63.116592	10.449387
14.587674	-27.024185
-24.214035	-45.412277
-31.039757	-47.057766
49.963337	-10.637915
-23.911049	-36.249214
-31.793581	-34.939888
64.49009	-3.1487122
39.83744	28.31405
-4.7839437	1.6607366
-33.39748	-25.771955
46.212418	7.4634748
-47.783188	-19.95484
-45.675987	-20.694214
-48.777855	-20.104874
12.950243	-17.598536
-32.113384	-52.182888
-5.5604787	10.049939
12.553552	14.766277
-2.9756088	9.910393
14.13014	-14.305933
42.061077	27.855446
42.726555	-0.22336778
62.736126	-16.769844
-60.052364	38.058582
-23.599714	-35.1204
-33.319057	-28.081757
-36.755466	-36.978745
53.79904	-9.053711
-39.759266	-24.237522
24.132326	-26.412449
-56.183144	36.072117
-66.3983	36.51081
5.335685	14.13453
-55.73089	37.782772
-59.871128	32.635906
55.703053	-0.24104999
-58.413578	35.688824
55.7979	11.914828
7.7914104	6.679346
56.214767	-4.8974986
-57.13393	25.493948
-27.999424	-45.882847
-64.51872	33.675724
-30.087397	34.905544
-39.099876	19.735273
-3.1036816	-15.475889
-46.063965	-28.472624
17.025976	-20.852604
10.139858	13.224079
47.36043	12.491396
60.855175	14.984761
-6.6655693	-11.711959
-39.640625	9.189669
-4.371345	10.103737
-44.8438	7.297903
-29.30918	-25.945997
-32.479992	-20.31155
-28.074339	-23.015432
16.470655	-26.444094
-56.106205	23.967302
9.78949	8.6792555
-39.23506	-33.539288
46.17758	-6.1401386
19.694487	-20.425283
56.674057	15.459805
-27.568747	-45.09353
-51.120544	26.387718
19.856133	-22.886366
-46.37044	8.253797
-35.09363	-27.431044
-56.37938	29.208208
-58.925583	36.88107
42.53965	-1.8736539
-45.247482	-19.619343
-47.8668	7.629059
-42.17837	-40.2821
46.36374	13.112526
-28.341187	-28.268383
-3.0624945	13.753868
14.445538	-15.186675
-34.0292	-27.032019
61.370922	20.294357
11.046027	11.872574
58.678318	-9.901517
40.761482	35.199444
-34.25385	-36.254234
23.509619	-29.163176
-44.835087	-40.66314
-38.974068	5.392699
-32.866817	-48.422153
17.603758	-31.23412
51.132236	-4.204526
40.52653	29.35215
55.01984	8.978052
44.643745	26.779293
62.127483	-16.93465
-56.21632	32.83909
-63.28046	39.41249
53.7506	-0.92402434
-40.168564	19.274021
-37.87863	-32.460712
-40.32146	18.56996
-7.2054462	-5.5010014
46.20898	-6.1952853
-44.421593	-38.35611
-57.491085	26.682259
3.2805212	13.9823675
-29.90563	30.575
44.75114	18.95876
-52.27139	23.595512
7.0482388	12.834688
59.717987	-11.925414
-33.55178	-34.75962
17.328238	-14.0089855
-53.220325	23.458002
46.06931	27.688887
40.553635	32.32833
9.393221	15.431814
-22.425304	-35.76981
15.098297	-17.273577
42.240738	32.189224
-29.272697	-31.340807
7.5276337	10.871306
-66.5815	35.73713
-59.59501	26.992922
53.722446	12.824632
18.84608	-28.552357
-44.338642	3.8124304
-8.17218	-2.6004171
-47.37816	4.592125
-55.15154	23.645428
65.268585	-13.731113
7.898976	9.265104
-8.127372	-4.098961
-30.381037	-35.06329
-58.65965	39.26609
-25.646376	-31.22847
8.821408	17.627039
54.72785	-8.224105
13.462266	-25.10792
-8.390398	4.794312
61.218952	17.080204
17.842531	-21.97749
54.79752	0.33777806
-42.749416	-22.736238
-29.090366	31.390322
-36.51003	-27.31102
-14.737458	9.77822
-55.50601	33.458065
-55.205235	36.306812
54.060448	3.3039327
64.73401	-1.3383532
50.675117	31.37168
62.067284	-1.9022024
-43.38909	-27.77922
46.825024	31.293629
53.137913	-7.794754
54.24775	-1.9617046
-6.6705794	10.690747
-33.04782	-51.153316
11.560256	14.253093
6.4173675	15.825884
-32.58882	32.29969
-59.277145	29.252338
61.411373	10.96916
-7.946042	-5.1819406
-4.580424	8.49687
63.829136	-12.236521
63.237015	-4.3102155
8.719768	9.184674
63.050213	-9.852353
52.955437	-12.92581
-3.347369	0.50608647
9.215956	19.072401
45.919437	18.047588
-1.765446	-0.021433858
-8.257957	7.4293942
-8.589919	3.7645526
16.504374	-30.095259
-58.111916	29.409895
53.64204	2.3196297
-42.744854	-38.65964
41.596317	3.5629294
-38.27251	-24.429344
54.278587	7.003921
22.676058	-26.769396
59.28411	18.416433
63.543266	-2.0420115
48.892643	27.063343
-45.15774	8.663347
-42.13372	-23.323328
12.277321	-19.653864
-43.7797	-39.041447
-68.41509	35.540745
62.475914	21.066132
41.881397	4.8091683
44.31742	33.045185
-60.160904	34.700977
43.53359	4.93874
-14.570679	9.640278
42.756092	2.1898303
-44.557644	-28.034252
-31.943459	-46.066845
-38.404816	-32.290176
46.070206	26.16431
19.045523	-23.159327
-60.578644	37.503754
-43.322266	-40.95887
40.010353	33.23682
43.274002	33.17594
-34.925316	-38.54013
42.811424	27.893267
-49.064274	12.543807
-5.8428564	11.568006
51.526302	3.6272984
41.584522	30.236925
-50.444523	7.303526
45.72619	21.401518
-46.71327	6.547891
62.801044	-2.7409363
64.41255	-12.781634
-31.3378	32.092068
-5.895785	5.3045154
57.282204	-5.4748993
-7.711934	5.8776417
55.528507	-15.518128
-32.149902	-28.748755
-26.70943	-45.395164
-3.2360027	-0.9209157
-26.271936	-21.50406
43.310516	4.01361
53.265247	7.6538167
-32.601967	-19.648338
-39.420208	-31.055433
40.238495	30.317196
-47.538303	6.231395
62.128376	-8.057295
-36.01119	-24.081863
-38.60404	5.034273
-33.4784	-24.731163
53.986107	11.313081
43.031963	12.240463
16.987694	-27.843094
-5.1132226	3.851926
-33.244114	-53.20374
-12.886621	-6.8995104
63.18036	-17.701311
56.442814	-2.5115829
-49.73091	-20.404215
-31.429321	-30.652452
15.830447	-15.887056
-32.592594	-45.363693
59.236412	11.122799
-36.146	3.8416393
-32.432796	-49.88934
-24.6543	-32.56265
-35.45325	-28.215523
56.141327	-13.065146
5.838455	4.370223
60.420765	-11.699825
-54.4561	23.414577
-30.672493	35.326233
-43.740025	7.3285403
-62.20282	32.00473
61.35964	19.969849
-32.269455	-18.7559
-45.247932	-28.163357
17.740772	-27.147156
-43.601395	-19.347158
-30.447742	32.640423
-29.68504	-28.719484
61.778046	15.032613
48.05569	23.35347
14.631397	-28.527729
-4.047098	-14.3910475
-56.457546	28.312845
-32.008995	-50.729813
45.43339	35.79002
-0.6129255	0.8372332
57.182877	-20.698683
56.52274	8.737053
20.222397	-19.900711
51.1019	-10.095047
21.968132	-17.638649
38.803967	33.411423
-41.91307	6.690174
14.519719	-29.943642
14.484554	-26.317198
-45.83636	7.688633
-1.9993734	7.186407
-39.915184	18.057117
-41.089725	19.566587
-61.255188	38.560757
54.561584	-9.257096
44.758858	15.333271
56.062065	-19.234041
66.2225	-12.657923
50.429436	13.827527
57.60125	-14.326954
-11.837575	-6.647586
-51.0561	25.401653
-45.731968	4.164233
-30.166992	31.510126
6.179368	14.896776
46.81715	24.976006
-36.022415	-25.92009
-38.724407	-39.235775
-2.8269234	0.6675637
59.475746	13.83803
-40.371918	7.9688115
61.862164	-21.02796
-21.557388	-35.91278
19.69648	-30.215868
49.20203	31.206915
-54.622593	39.20622
14.969898	-19.133036
-5.241679	12.010573
-3.8436522	4.175608
57.440834	-20.953617
55.792583	-5.3628607
20.735445	-28.750404
-22.168648	-37.14178
-45.917984	-19.710058
62.010483	-21.341658
58.303204	-6.0935316
-53.399864	35.051815
-51.88311	26.016682
11.665269	-17.331682
-5.8856807	-10.984678
-46.459274	4.690776
47.40329	29.698473
54.452393	11.9476595
8.089069	6.222721
-59.618793	33.308193
-31.699047	-23.970905
-35.0238	-22.246983
52.279392	-1.4496379
42.30948	6.0299325
-64.22952	39.48515
-20.287485	-35.29124
-7.614152	10.991312
-36.55046	-23.592667
-48.285454	10.409305
-24.469217	-45.39928
-29.87867	-50.53252
-35.4104	-37.125957
10.558479	10.692146
51.021606	-8.498042
13.703685	-29.006344
45.788315	28.410946
-42.71665	-32.862038
-27.88292	-22.28331
-34.70644	-24.784378
-37.525696	-22.114159
44.6845	8.739863
49.812458	13.598531
8.816633	15.008243
-5.853014	-11.54789
-29.004444	33.301277
-8.987731	11.814446
41.153805	26.533846
-58.48559	37.713585
45.356224	19.14572
39.080814	34.716553
51.9696	-10.334204
-3.1469808	3.987067
62.73664	1.4840449
52.95446	3.2719507
42.983654	16.911463
62.144493	11.12944
-29.107569	-21.403744
52.743362	10.511526
-45.064064	-41.02926
-54.434242	21.838022
53.702724	-6.8974395
-49.73281	7.645933
45.17059	16.86523
57.356365	-13.506364
5.9059806	5.347123
8.2521305	14.284248
55.280445	-12.789644
-2.7722807	7.873711
-40.482952	6.4149966
-39.380905	-27.794456
-56.324463	35.440285
20.59299	-29.930178
55.786705	-10.671366
-35.662693	-36.169716
