-13.295387	-43.594406
-23.704552	4.876661
-24.054922	6.9935346
-24.905548	-1.8204218
31.224178	-42.431286
30.302618	-27.726648
-14.743959	-10.792055
-39.44223	32.794857
-24.498148	19.967894
11.224922	9.064607
31.984016	-45.727158
-24.181807	-2.8933291
25.703829	-5.876117
-10.285897	3.3148313
29.794472	-25.870241
8.057151	-18.21745
-15.954625	24.817005
-42.788776	11.954591
-34.019608	-17.142776
-39.62731	9.552404
10.049739	-30.143164
5.027532	20.465513
-20.629145	30.634514
9.818739	-45.437317
28.596111	-5.7972383
-9.900501	33.815567
31.981518	25.502554
1.6987824	40.258057
12.011692	-35.222157
-7.5054607	-42.120052
23.506065	14.351759
-44.972057	2.1250935
18.70604	-1.0587467
-9.18664	32.28947
26.325817	-24.676779
-26.98605	31.561638
-13.59008	12.114703
19.719997	-41.336803
-35.073814	-6.834683
38.45427	-27.05766
-10.997534	-19.384176
-17.404142	-0.19387703
31.578953	22.952015
19.613497	32.09239
-23.183228	33.739742
-0.99894714	-17.123316
-42.42831	3.6948798
-11.07719	53.172173
9.429013	-23.244139
-22.936073	1.0349838
31.821291	-33.680378
0.5675381	40.856667
-24.065088	23.252325
-13.6459055	19.978966
-11.242754	50.625404
-31.402542	-15.408788
-35.244705	-15.118779
23.906477	-36.86754
-32.531475	-6.562916
-0.10179134	-42.432743
15.587694	31.816296
-11.070579	-41.120033
20.499002	-17.613548
10.528304	21.515364
-14.141241	13.033417
-4.790493	3.2821388
-18.256609	-32.379692
22.4316	13.675485
-2.7139578	-12.793108
-12.431744	32.41293
36.839584	-25.389843
-0.8456581	23.356468
-21.450993	-12.514664
-40.646767	22.827044
32.365646	10.088033
-40.756252	16.085077
10.154879	-47.781742
3.3786922	-47.53966
-6.6700416	-8.587507
18.941185	-17.41947
6.229143	18.320448
27.646408	28.325186
-35.758915	30.340406
13.397453	22.547682
5.1888676	14.811256
0.83278567	-30.002234
33.05603	-32.791748
23.360983	32.832626
29.40341	-18.694689
15.114916	8.058299
-26.323305	-20.805014
34.691063	-27.80448
-5.943497	34.76397
13.815208	20.182896
-36.359436	29.037573
-12.226616	17.970865
-12.087199	-51.984074
28.11154	30.79215
10.32147	-35.22303
-5.9580784	3.860139
-11.776117	11.217576
32.242992	-28.493837
47.06204	-2.4906533
28.945885	23.638409
-7.0918446	-13.442462
-11.792924	36.9659
3.0965579	-32.390686
9.650286	-8.644066
34.056576	-33.919033
7.404076	-7.9887104
-14.5289955	52.336952
-36.861004	-17.830856
5.1062737	41.27737
31.136856	-44.617825
8.848747	-34.11051
6.718354	-30.078625
53.2416	-1.1287479
-18.855005	-15.316745
-13.204721	-42.881798
26.390463	25.380283
2.2935836	8.155809
30.939344	10.150424
37.03654	8.858216
33.168247	0.49948078
-39.717113	11.129343
0.5648966	-4.6530747
10.54378	0.33669594
24.408127	21.943012
30.770723	23.79589
15.609772	-35.958183
-17.950499	-21.232954
3.451272	36.4996
-14.222825	55.11261
-41.590054	-12.887177
-7.276901	-1.7510105
-25.055895	-20.532171
-25.488806	-13.942743
30.168419	-44.347042
6.453878	-35.295403
-1.5699936	-18.955503
16.79734	-25.978807
32.57185	-3.338118
1.1143525	7.850217
-15.424217	15.284969
15.589986	20.232891
-7.698251	-27.054379
16.7269	-29.039305
4.8532796	-26.101355
9.573184	8.129766
-7.46835	17.987812
-40.715775	7.6385503
35.449867	-26.490444
-44.74743	-6.28469
-36.787148	23.066595
36.352196	-22.11658
-43.361824	19.96347
-36.463463	-15.884566
8.281093	-30.59268
27.026318	-23.901077
-27.573915	-6.862658
-0.3266815	-40.89302
-23.937595	1.4863206
-13.428747	-9.115684
20.980463	-8.944194
17.377394	-19.03188
4.0973163	-10.372584
-38.14598	9.981314
-37.40119	30.209661
-11.921469	-19.56098
23.001884	32.041878
6.9798894	-14.85535
51.397644	0.55050236
1.08129	-33.695763
52.059074	-0.22011817
-14.896366	50.921745
-8.035795	-1.3288221
-10.28848	-1.1559886
36.483654	9.144652
-10.197903	10.836757
13.237236	-48.18847
-31.538942	23.583017
2.2512374	-39.886497
-6.9624796	-15.850403
-43.986706	3.9717844
2.2770958	-25.795073
37.088673	-24.080555
-8.4225235	-42.459366
-35.424747	9.716155
-20.103569	-23.063055
29.798311	-9.567147
7.724141	-19.415201
28.963655	-27.24533
-22.417597	8.866853
27.458576	23.442501
7.2346516	1.7185105
-19.581593	23.537851
3.1667645	-43.556618
3.084086	-4.589541
-1.1969337	-25.473145
-31.037489	-7.356881
24.509142	8.004421
-5.9733663	31.180141
6.5533113	37.462685
18.54513	-16.16933
7.7964	5.7583313
-10.501079	55.923676
12.383193	-45.607292
-16.001102	15.95533
-13.142831	1.0840253
-43.112206	-12.69624
19.531546	-9.918513
-25.086834	3.4057455
12.990979	9.558708
14.735705	6.3243523
19.004583	-44.825268
12.502304	-11.24238
-18.403309	-2.4186144
-19.789957	48.989674
25.833433	0.26043046
-42.039085	14.287217
12.915576	23.248306
-22.088684	0.016956812
7.521962	-0.7113644
-14.798255	25.393312
23.020353	0.026392527
18.018034	-3.324398
-12.62827	6.0838585
20.34546	13.197993
-28.275967	-7.087003
3.8318357	-11.129914
29.675068	-19.62809
-8.898374	38.080086
26.754864	-5.7692537
21.688215	14.69146
-20.761997	8.192703
17.641233	3.8921688
-16.914001	24.09847
-11.836885	47.56296
-10.507672	12.71818
-25.05459	21.371628
-33.385036	33.613384
-15.875318	56.921753
-40.65162	33.645668
-41.166443	10.172592
-11.9630165	53.723457
-18.29061	-1.5491259
-31.250484	22.51112
-12.797526	51.92334
-3.9938405	2.7595701
-15.962041	57.998344
26.413685	28.375973
2.5732222	-45.53937
13.386132	-7.9903636
6.2118044	-26.366104
14.046689	26.04059
-12.781462	13.764482
12.984642	-12.616697
1.700803	14.765694
18.342617	-43.769753
21.722025	0.43682924
-29.400923	27.286907
10.665228	-28.821169
-24.317877	-4.15139
-6.4195976	22.463642
-3.1848466	-30.58387
-44.29215	-13.387396
-39.426926	20.346855
0.9146962	-25.852818
-11.236317	6.0450087
-26.766914	29.97831
-34.59437	31.707207
-0.75283426	7.369237
-44.070198	18.884848
-9.58678	5.3904986
-3.0864785	30.52283
13.079093	26.559278
-34.20499	11.420523
-17.129349	-20.75626
21.277586	2.5398598
-28.184605	28.494709
-19.458097	-22.548277
-22.997946	5.7886276
7.600709	-34.7328
-31.122185	21.050112
-11.455506	-51.344208
-29.956383	5.236953
4.9147525	-12.97309
2.5438411	-4.099759
20.579884	-28.54216
26.028591	18.320574
19.432875	-32.05363
19.25569	-1.9187347
-3.025642	20.716608
-10.678134	46.34202
-8.609305	17.654394
-43.12498	9.75061
24.609772	7.272689
-33.09779	6.36843
12.165497	-4.592231
-20.297806	31.886013
10.754305	16.33333
17.98392	-30.418648
-1.5318658	23.086061
15.690667	-11.649363
25.60906	29.556454
34.332096	-25.78677
8.06309	0.03195517
17.517057	-24.24817
7.4679165	5.025372
-10.636859	14.470617
13.886158	19.157166
20.837383	-35.81134
12.182908	-7.747825
18.05769	31.708767
-17.35844	-12.298005
15.179737	5.3710356
-8.919466	31.234379
21.728735	34.610466
-36.529865	26.654856
-18.151503	-11.774215
3.1112309	-27.165413
7.115844	-24.099586
35.360836	-24.336824
-6.362506	-7.538268
1.1906226	-14.860293
4.394653	-35.977703
-8.496486	37.364914
-12.913138	4.490196
-47.485374	8.04431
-44.129856	6.3561926
-11.795093	49.26502
-35.633728	25.002182
5.5901365	39.440163
6.78956	-33.67802
-6.6982694	-11.347268
-3.6406143	-29.851284
-40.81283	21.2585
27.122297	17.001537
3.0917742	40.812145
-17.269535	-15.4890175
19.214518	-47.29887
-8.994726	41.5423
2.5475576	-46.60169
24.880037	1.4731259
-18.046917	-10.284166
-22.039839	-15.188486
-11.463874	-7.4134226
-12.286972	-37.394722
-9.30307	34.598507
6.0038753	16.314457
-19.112686	49.427063
-22.75219	34.732513
-23.314682	9.066137
-6.498987	-13.988041
-39.721203	17.858868
-14.965673	-16.639112
7.793296	-23.17114
16.98345	4.77473
-30.847832	4.434647
-21.162415	-14.421661
20.341879	-36.85255
-1.2218267	-19.811832
51.496315	-1.4166471
50.492126	-0.23453324
24.256367	31.692574
-35.296623	-13.678499
-26.283876	32.328514
-31.06298	24.819422
-2.2388432	20.383902
12.340923	-6.3682337
-4.5115304	22.347578
-9.212421	50.873688
-14.984466	-42.799652
-25.542427	-24.486301
21.055864	33.543537
-44.774345	-7.0702996
25.842169	22.365158
24.693447	2.8403635
0.44120175	-27.438486
-12.912574	56.159595
6.4628396	-7.6228347
-0.7186438	-44.130543
-37.358963	25.306217
15.251013	-29.610834
-2.1862648	-12.124149
22.353003	-8.005687
-12.32554	2.5553854
-17.716051	-31.558683
-31.543097	5.052296
12.078494	-14.60298
-28.631023	34.315132
-35.183884	-16.43074
-0.7142741	-15.470964
-10.123374	-8.0329685
-2.1567767	-44.843315
-12.786878	-0.121279225
-46.467014	8.0251465
-15.439987	0.39354327
12.285871	-47.677746
34.34428	-32.56799
0.60735434	-41.332314
-25.730898	-23.555975
-33.20054	25.320288
5.0649834	-5.4974046
-13.47916	53.395718
-6.925756	-27.99846
-13.387639	-14.311526
29.838497	-34.312218
6.36349	-13.573226
16.566923	-18.96243
-7.7466187	51.563522
11.981102	21.441471
30.444721	-10.9123745
-11.817344	14.613497
26.604053	1.2097859
-19.212385	32.453793
-4.737751	31.432268
6.1176324	-31.519081
-3.8680887	-36.968735
23.181114	-45.353756
-25.092909	-21.652529
-34.61996	9.596904
5.493595	19.50964
22.104738	-36.573185
-9.582563	16.285698
19.143644	-48.011467
-40.576256	32.73525
12.210894	-9.407449
31.49413	-10.845483
18.797766	-42.320126
15.995107	-26.307167
28.6462	-8.2309065
3.7983873	37.480377
-5.296922	34.53207
-24.680729	22.572441
-40.7379	-9.833587
0.9820843	14.665285
-3.7587936	-19.917505
32.440495	-42.85415
14.921371	-6.7542167
-22.80686	31.664091
22.79805	-27.57358
32.965134	-11.644862
-16.275223	-31.778933
29.505661	-4.8334374
3.916997	38.94432
-33.312355	-7.0451083
17.873268	-27.913223
-27.37988	34.561756
-44.777504	4.9764543
-15.861306	52.41713
33.17221	-2.3953476
-44.615692	9.298378
17.37486	0.63047636
3.5386577	-38.614777
10.409668	-6.723094
48.157825	-1.834099
-4.2387776	-13.931497
16.94523	30.70305
4.9336176	-31.741518
