-41.261826	27.060663
20.502323	6.4541287
25.641607	4.9728584
-45.482914	3.1086855
10.015855	-42.879593
-21.476875	-22.077314
-24.848806	-15.581074
28.943298	-13.198766
2.2658644	-42.49036
13.744918	-23.05479
14.537121	-15.720476
-53.205116	9.705471
-0.49195114	-0.20007654
-27.63971	14.385593
-19.998213	-18.841146
17.814882	-40.002235
20.601084	-31.601738
22.153667	4.7681255
-42.241432	20.685774
2.9483118	-35.145077
-51.25235	21.07843
66.86949	1.2272887
12.732345	-17.921654
-41.602882	1.623437
-1.114094	0.8795901
-50.9179	0.07968186
29.680593	6.774919
55.834927	5.6327734
54.455555	-22.774603
33.042904	-14.672826
20.1406	-2.36555
1.6063852	-40.004078
23.30134	31.023922
-48.534443	2.4740045
-32.57734	-27.737705
0.54146624	-45.429813
-47.98875	26.98181
-49.572803	22.721348
-40.42834	23.234613
11.456746	-22.441597
73.05038	-3.7929363
-51.628834	8.932018
-41.358276	21.669373
-19.28352	32.26192
23.200684	-9.093899
-30.993656	-22.393764
0.7790789	-34.848785
-7.0440927	29.673944
-40.743874	33.64265
60.70725	-6.8741817
-23.374329	-22.531431
52.008663	-24.03283
23.817207	-7.5105734
71.8058	-3.8907154
-10.909974	25.290173
16.524372	-17.874216
13.68191	-31.332033
71.24356	-3.7071967
13.665318	-36.078243
22.547867	29.050272
-53.4025	24.19997
57.504272	2.1506233
31.655916	-11.566567
-6.731785	21.206797
63.249435	-4.548056
-3.6625874	20.343744
-7.939438	18.872952
-23.214111	-16.79954
-30.79084	-27.799513
-35.544533	29.606007
-20.050508	-18.147552
9.061845	-21.62332
-23.652096	-28.216633
-31.598972	1.1722953
-52.792973	4.4688287
7.5159907	-43.922424
-40.753063	1.7663388
-48.88917	19.251133
12.670935	-48.048332
29.336391	3.6212974
-8.159924	25.844357
-43.179993	27.089916
16.551584	4.6378937
17.901464	18.919783
-56.81657	30.638063
18.423132	18.311256
-21.333256	-23.28688
-52.900265	1.3797028
-6.4250503	16.692139
-1.1000745	-1.4242128
-2.6386569	16.709318
-21.044104	-16.156319
28.56327	5.6552343
34.059303	-16.2595
-1.6364615	-43.41275
65.93802	-1.15467
-42.196323	2.6155224
-42.647915	22.466658
-53.8985	21.538769
7.612973	-34.90953
-48.94558	27.78052
-33.6264	-29.224476
62.938866	-5.533682
72.40185	-1.5128781
-1.6815983	7.172907
61.24627	-5.158235
66.94211	-7.5075
14.321907	-34.953964
63.54235	-2.3516433
16.13294	-21.401484
-6.4573855	5.813722
9.592488	-38.05755
58.693558	2.1217499
-56.87131	5.0598016
72.17393	-4.9751625
53.92924	-21.761398
36.675343	23.891562
-34.048367	10.890818
-33.77281	20.975044
-24.037592	-22.117823
-3.0059175	0.44463974
30.164074	-4.745086
13.381169	-19.047432
-28.612257	15.180114
24.225002	25.528639
-4.623183	16.046013
20.240005	30.876026
-37.01688	18.614204
-37.291634	28.907238
-40.99064	31.031017
-26.228622	-25.57029
56.684193	4.688992
-5.890536	2.1914554
-57.123924	22.97953
21.851254	-39.01431
-26.204926	-19.890694
16.15654	-16.84455
-57.330524	6.0593657
60.934956	6.737709
-30.454062	-21.782225
18.75568	31.694565
-44.016327	24.013157
61.00726	-1.1745209
65.37519	-2.4528759
35.454212	-17.240728
-55.818577	31.176762
17.893702	32.81339
-45.914707	14.000101
29.29498	-5.876466
-40.99676	18.757668
-5.7770157	12.444983
-21.994379	-17.161587
-43.509026	24.62757
13.947513	-14.739896
-3.5348723	-0.7140353
0.6387704	-33.37677
21.629555	2.5097747
-52.009785	20.341633
-33.992924	-25.180132
-42.415154	13.049677
20.861744	23.289513
-52.794132	9.048409
-29.880976	-29.503681
17.450434	-40.90911
27.97952	3.5766354
15.7555485	-26.54775
27.574848	8.141031
-2.3347647	-43.709972
62.052284	-8.844211
70.239494	0.51397717
16.67881	-36.05732
37.614937	24.309317
-56.74435	20.22181
37.60034	25.240421
-13.766081	27.40335
21.680477	-39.02526
-42.903084	15.931731
59.685642	1.5394111
-1.670352	8.55039
49.444046	-22.591055
20.974861	-7.0802073
57.840725	8.3905945
-2.9010568	4.8325367
0.13912678	-36.193527
-50.418	21.287252
-18.41875	-17.808678
57.623455	7.391178
26.836483	9.315726
25.023296	2.2948914
-0.37589943	2.051642
-41.296967	3.452997
-21.46264	-20.981806
24.716385	3.5837085
-38.464943	16.869738
-5.9841437	-0.11923485
72.95101	-2.3061223
36.892757	-17.793411
18.861897	-24.210075
-30.21831	-27.112406
24.34144	32.12253
-14.214137	23.687359
22.16924	33.601448
57.017746	5.66915
3.1845102	-44.960224
-4.69294	4.963711
-14.094005	25.3869
-48.284294	18.676285
66.84577	-2.5651195
-35.58153	13.363518
1.9526296	5.021029
7.4775496	-33.730865
-20.388693	-24.76791
-5.1492386	22.977139
12.73294	-16.636324
-25.834972	-22.178368
15.806916	-34.918877
-53.15586	25.585745
49.85135	-21.708645
-42.377243	25.464195
-14.306221	17.205982
61.236202	-8.744334
62.062576	-6.342657
19.671482	-32.92718
9.496703	-48.603558
15.383517	33.09097
11.070375	-46.108326
-36.21735	19.302889
21.330322	17.260508
9.31317	-35.547737
15.340798	-36.835285
-7.229155	15.798094
-50.73953	2.1360142
-1.2080512	-0.3153054
-0.19440359	6.129072
53.619675	-24.206367
62.67438	1.7734468
9.587498	-19.5715
-14.360565	26.496443
-5.230798	17.481352
1.3076528	-43.944168
11.31461	-49.082466
-5.3000894	4.2916036
-0.7354963	-45.467926
7.225454	-40.956707
-9.380709	27.402323
2.9370308	5.083669
20.405071	-8.336224
-11.159661	27.825407
-4.8948803	20.438812
-4.3364778	23.851757
-26.817694	-29.625174
62.18056	2.599345
18.181164	-34.58229
-44.390625	15.931866
31.622232	-15.953373
-47.38349	27.662724
14.658251	-30.097824
-24.064295	-30.710262
12.960356	-13.215772
10.295533	-47.55397
17.52599	5.833727
18.81471	30.14657
-52.137196	26.870573
-21.65411	-29.105165
-43.255974	14.9109745
74.655075	-1.7843868
12.161642	-15.320787
33.162476	-13.356917
22.849056	4.684997
66.5741	-4.529939
30.944891	-13.965285
-13.826851	17.56379
32.857925	-15.660845
-35.144722	20.319738
-52.573334	5.656947
-57.03329	21.257544
20.217575	-0.6561734
-29.998577	-22.495787
65.15109	-0.56742144
-45.235733	13.50548
24.159761	1.614598
23.268553	3.5280585
-53.877098	19.100101
28.363693	6.296478
20.034393	37.268257
-6.1447873	15.117607
-49.752052	7.039037
26.753792	4.3592324
16.365965	29.608124
19.94642	-3.958791
19.44505	33.25077
11.256864	-47.287384
2.0954354	-43.658207
52.28387	-23.41124
-7.9870906	21.041777
8.482495	-38.853256
-6.1654162	21.469032
-4.971758	-37.170563
-43.02604	21.386786
-57.841053	5.2368956
-9.850401	28.121891
-41.386154	33.348465
31.668259	-14.495537
15.141643	-29.573334
-36.896248	28.387772
-58.77883	20.670757
27.266275	2.9526358
20.322674	33.56603
12.577763	-39.814857
-45.458393	28.002985
20.592144	22.614891
-42.54113	27.775461
18.07753	-22.530403
29.12478	10.915084
-27.457376	-26.726444
-8.421398	22.68935
-54.152424	1.6265945
-18.96623	30.959026
-2.141562	-42.42117
12.800192	-36.924366
17.560305	16.602125
-43.02446	19.705267
-21.181969	-18.07877
-51.830776	6.6548495
12.411411	-22.443598
19.796724	18.577982
-49.840908	1.305433
-45.2164	4.0114365
-44.504974	25.013632
3.0636635	-36.830795
-0.7031311	25.637209
-0.6188382	-36.834785
56.908546	6.3977447
54.639694	-21.878784
20.56092	29.88409
68.253044	-8.019158
15.085732	-15.164968
-36.86768	27.464155
-34.658543	20.90829
-28.633934	-26.136417
-55.120064	32.11711
51.661648	-22.39593
-42.587982	17.90254
12.36524	-18.73087
21.866386	-2.601542
-27.514275	-28.041006
-34.553463	12.605392
60.561516	-0.3288024
-51.223488	0.93588245
19.692719	6.4909973
-3.7859173	14.358753
-51.491108	-3.6083703
17.817654	-26.51986
-26.258154	-19.214016
8.924744	-42.923054
-25.638714	-14.646653
24.239107	0.3450699
21.791542	28.09291
-24.622803	-29.08666
-23.50239	-27.17236
19.454033	31.504313
-0.96146065	17.55776
37.011253	25.511631
38.61408	23.915964
66.13448	0.21061926
6.8140097	-34.764317
24.437908	-9.267322
-48.926075	-0.11659489
5.3282714	-43.881527
29.805687	-1.4125507
2.017766	-38.896614
-18.761614	30.346384
59.94242	7.241234
22.775599	31.759743
50.601597	-22.868176
-1.0016099	6.5011983
19.552416	-1.626639
-43.445385	29.058949
-48.002872	13.508132
-10.094412	26.870127
15.105714	-20.590536
23.09023	26.200012
-6.929891	-44.490467
-40.781155	4.155938
-31.62977	-26.293367
22.367807	17.426056
59.645756	-4.9706793
-22.58657	-23.527273
-6.393259	14.300729
-9.505432	23.1119
-51.54229	-4.144627
9.845517	-37.192524
-32.995804	-26.607578
-39.98195	2.9513757
-55.81729	30.474817
-7.1598306	-44.597664
7.1515417	-38.57072
64.867836	-8.38695
60.826004	7.7628813
-22.398598	-25.956348
-29.501238	14.639852
22.271938	32.749172
26.220623	10.778953
18.119247	-23.308575
-6.9090486	5.8529096
66.12105	-7.201534
-45.859585	24.102997
-37.603195	31.23874
17.406395	-38.475872
32.638435	-12.162812
71.36518	0.2102348
-41.32557	5.477604
-8.3009815	15.917911
-45.708897	28.93069
20.05981	35.74199
-31.608047	1.1387705
-51.125916	-1.0716438
-53.84011	20.66581
-4.514744	0.21050237
9.643311	-44.51769
-25.22573	-28.146814
27.711603	10.024209
-20.281172	31.853888
-40.9569	31.945515
-44.53476	27.503605
-46.5431	30.326954
27.750174	-12.784698
30.030016	-2.0742865
-0.77895415	2.6567066
-29.219223	15.546335
50.90609	-20.927113
-9.698459	14.842677
30.358648	6.16525
64.38178	-3.568988
20.23998	-7.0588512
22.985983	0.1414713
7.742519	-42.341537
-9.916671	23.741432
9.32728	-45.827602
18.928476	-34.02588
24.433645	-7.524697
10.168876	-20.460476
-38.54788	32.435474
47.66258	-22.66063
-42.25495	12.677539
55.689735	7.245375
10.085572	-35.70554
16.708061	30.47833
22.301323	-8.76434
2.1365275	-37.62065
0.34006557	26.005484
-1.5808372	3.182126
3.7466087	-36.319347
-1.9547282	17.232988
21.66556	26.610893
-36.84344	32.811275
63.359375	-6.184655
-32.4704	-25.50069
5.141583	-35.4972
-52.64041	21.61353
