15.708389	39.55344
-11.463461	34.67697
-13.70417	30.584236
33.461708	-36.792942
44.79512	-0.7869253
-8.551746	27.022165
-0.08606425	-16.030027
7.645016	-1.0334387
18.65307	18.636402
-15.578692	-44.799904
34.1566	-2.5478938
28.822052	-6.108839
4.19953	-49.04822
28.40437	-34.375847
-12.34057	29.1032
-26.176472	-23.416899
9.916182	-0.9900571
-36.808674	-1.7177125
43.333244	12.598305
28.203218	5.0977516
8.5283165	-10.63782
-8.813604	13.723707
44.30385	0.523545
7.140954	44.182014
-15.646126	-34.97506
32.1279	-34.20717
-11.855014	36.109547
-32.504597	39.7072
35.972767	-2.5779066
2.1711886	-37.080074
9.930261	12.385405
8.397534	12.501004
-20.84777	-20.46414
33.41717	-35.362812
-21.784664	-20.059841
12.880362	10.866744
-7.5011573	25.809347
-20.053802	-24.764729
16.220053	42.402172
23.47618	30.072525
-0.8425797	-29.027813
36.000412	-37.253635
18.55942	32.562542
-29.504824	2.117069
21.42093	14.497429
-23.275158	-24.47717
12.828845	2.0869176
-33.162426	24.758333
16.738188	39.627636
-8.119723	14.9714985
-11.477744	28.693182
-4.7279105	33.54819
25.936596	7.540215
8.513027	-29.256006
27.591839	11.591106
3.5865402	-49.705235
-3.8896217	-47.587738
3.2266896	-35.536285
1.9940312	-49.99697
-7.5964074	-26.60115
32.031307	14.747196
-34.03694	35.274376
20.001453	18.226215
-12.045264	-34.128838
-11.23597	8.139941
-38.309143	29.242554
4.830163	11.938747
38.84465	-5.692375
-25.637825	-22.5659
15.702566	29.859047
4.142415	-54.81853
37.100136	-2.0352209
6.4490676	13.8927355
26.39911	11.02837
31.403898	-38.451206
7.481418	-53.95309
16.054008	41.39004
-17.115639	-23.71095
-30.83365	-14.365774
-1.1319523	40.039665
3.9167702	16.23823
10.1167145	41.841377
-20.255014	-6.0016046
-13.224644	-25.49898
-39.49006	-19.627178
-0.5772684	-16.712288
2.5680623	20.785374
27.886274	-30.17545
-16.747099	28.818975
44.65239	-3.7437205
-8.862403	34.86892
-6.4066653	28.68548
-3.3073568	35.012764
3.6969569	-28.68601
-19.092152	-4.120411
-9.1505165	8.993278
-3.589628	33.8632
13.765778	27.94484
-5.6978536	-17.538897
-12.397519	-26.821676
24.508142	-32.371548
-8.856409	17.256907
-12.3982115	6.886632
-9.67676	16.886425
45.084793	-5.2277646
-12.361594	8.926047
-1.261687	-24.409332
0.45669025	-50.256077
-6.6286416	11.624805
0.24919753	-53.876926
11.274238	-1.83103
-8.436634	-52.5294
-30.714993	36.319145
26.953161	-33.011322
0.7216604	-25.963678
5.8593693	-16.686317
20.935211	19.795427
-27.354668	-5.346088
-29.047596	37.49346
-8.320893	28.838482
-0.29882732	-54.774765
10.429831	33.150475
42.43035	-6.198426
-26.255663	-21.844255
3.6341236	14.129626
-12.905329	34.982407
-15.297091	-24.096004
-1.4876058	46.1479
15.621708	35.427063
40.97808	15.898704
-38.750416	-9.196673
-31.200197	39.588123
19.257652	4.349799
-33.776947	-23.967007
-3.429929	-46.743763
17.863855	23.725101
8.119949	-49.51144
25.812222	-32.999924
-35.23188	28.319807
1.2587427	-13.436016
5.9943347	-2.5561287
-21.985262	-17.650469
-16.57177	22.274544
-10.587713	9.08211
-1.0946832	-23.45901
-33.2875	-15.688426
36.789413	12.901641
-1.674813	-29.161003
36.726284	14.430823
17.68744	35.65361
2.235924	19.059109
10.192788	26.573582
-17.376635	21.176916
16.195944	4.020734
41.266132	-6.437909
26.207676	6.331989
-34.660313	-4.7620645
7.4085073	-12.406226
-1.3128674	-51.815754
13.3259535	45.13843
-9.750212	-27.655067
35.109814	-33.153725
-22.13094	-12.031783
-36.573105	-10.147653
-30.209854	1.4035203
-3.776962	-45.010277
14.781023	17.173565
-20.948057	-7.2404265
2.323875	-36.113636
-5.9076333	22.299364
-13.472415	-43.53656
-29.526833	50.227516
7.365825	-16.973816
-28.940817	49.696236
-14.19037	-3.9487674
-10.117499	-46.452744
-1.5081533	-31.068419
-27.662117	35.10956
6.4796686	-53.20563
13.047347	-9.124428
16.901997	12.961378
-36.051243	29.470064
0.78259766	-11.312654
8.3425455	7.428494
37.659695	16.860374
1.587912	-53.80783
-34.791885	31.680016
1.6461906	18.424145
-38.595795	-4.512318
-35.947536	-21.906275
38.197857	17.725117
-2.5590534	-53.45048
-14.06188	29.084763
23.963255	15.527897
-21.523823	-13.237081
-12.839435	5.333367
-27.9745	-6.274677
-40.74424	-0.22961502
-18.448574	-23.363888
-6.8559856	-47.575893
-0.4278712	40.49581
14.401133	29.69689
-33.565533	36.291348
-21.899345	0.9858814
-26.082554	-10.182439
22.617672	14.816827
-30.50207	-4.7486215
-10.353563	10.979177
13.224724	12.30218
-37.856804	-18.857244
-13.652961	-40.465057
-0.54900664	35.81255
-8.398973	-53.29682
37.532852	0.8070455
-22.576153	-9.011286
-11.497054	-43.692978
17.191986	24.922525
7.4014654	7.042822
-26.14085	-31.752531
-13.473206	-27.49291
5.922492	-29.445328
-11.678465	9.932309
-26.154644	-26.869831
-29.960625	-14.2963085
47.086464	-6.446395
-28.092665	-27.532345
-24.460646	36.48171
42.239067	-0.41244674
-12.21431	-36.94373
-2.9564085	-51.00092
6.8953147	-52.2965
29.592802	-33.62975
43.56624	-6.8090734
30.169884	-32.11842
25.967916	-6.3025184
-28.660847	-4.73808
42.998085	1.4621091
34.207798	17.598488
-10.567818	36.579746
10.90595	12.151629
-24.879936	-9.832769
11.571574	-3.9134939
-15.886352	-5.4257216
29.30252	-5.22531
-31.65352	22.456778
26.987104	-28.698404
15.833006	15.077446
14.644688	4.742352
-23.242569	-23.461796
3.2084317	-30.147253
-39.463062	-6.053895
-36.37586	28.448757
-26.686989	-27.729933
37.75306	10.711838
28.631872	6.237404
-6.5934014	31.35373
-13.96774	-41.468384
-38.61358	-13.364161
9.911906	-8.3845
-38.049034	-8.596376
-19.7784	-1.75382
4.5461307	-4.8458624
35.188393	-39.159138
-21.398457	-0.32002527
-2.2770212	-31.876083
-26.8556	6.0835853
18.185253	4.152785
-3.0611982	-27.740042
-41.506443	-0.6839331
7.0551295	-30.167469
1.9602014	-26.0011
-37.885258	-0.226078
6.919758	-29.171326
-30.190248	37.773365
31.18736	-37.270676
35.60376	-30.265192
1.601775	16.798813
-22.498602	-22.361668
-26.033571	6.3868446
-7.042754	6.6410837
-38.215443	-5.4698257
-40.73821	-1.5275456
6.9565215	-15.631672
-0.94420415	38.07543
-31.245287	35.077644
9.708591	25.910892
-36.033703	-11.175783
-38.05808	-1.8846247
37.494778	-7.434828
20.59588	17.204285
-18.079317	18.658533
-29.55881	-18.551788
-16.917908	-3.1648457
17.772997	33.47391
-20.383362	0.011944396
28.73827	-3.9210947
20.711555	31.246233
17.079128	26.234997
1.2324815	-52.49181
23.870003	-30.914747
-15.421006	-4.050015
36.12711	15.8272295
37.18556	2.7028239
-24.314129	-25.924446
16.76928	34.752228
-9.129867	18.328012
-32.71507	-3.0239825
43.887573	11.787305
10.497694	-7.721817
8.753413	42.642075
-10.431911	-26.845242
12.117142	42.668114
-24.74633	-33.384235
16.630722	27.303213
-38.107075	-14.295609
-22.981483	-7.9111094
33.583866	-34.427242
-28.421814	0.4047484
-31.522194	21.20393
48.274723	-8.194455
5.3240695	-13.013103
44.61168	16.237867
13.162932	28.59848
30.958092	-31.490704
45.59331	-6.839954
3.6342382	-17.963964
34.39721	-37.633556
29.930393	-35.61746
-8.022803	7.9217086
27.355625	4.962488
37.286552	3.5168343
10.936145	1.7957256
-32.173862	36.137493
5.369705	-17.33406
1.4227424	-35.275368
-5.5140204	-18.184101
15.812454	5.4616566
16.636929	36.74551
-32.452168	38.522854
-30.054424	-16.81634
-38.348934	-17.82176
21.406466	30.590763
41.818993	13.990833
43.41187	-0.18449138
-11.1435375	-48.370693
-6.552371	30.003809
-26.037437	-5.601557
-28.174492	39.399994
32.320587	-35.92794
1.5672663	43.009518
14.243655	12.744005
32.66399	-31.099974
-4.721645	-46.767483
44.008816	15.7494
37.59396	-2.8731394
37.74631	9.551579
-35.93064	-7.5976877
-0.20980571	-27.994425
-4.2110133	25.63331
-5.180114	22.743141
4.8746085	-5.7333617
1.4934295	-17.204554
-27.301743	50.91081
-27.823301	49.372395
-6.49282	32.552628
-12.294375	-35.422993
19.952896	13.908042
37.249706	-36.528275
-28.021734	20.25457
-2.022973	-54.326378
15.446677	7.510108
-0.87764853	45.314377
-36.185936	31.864878
7.972655	32.55999
-29.707857	48.35546
7.4648776	-48.786037
3.8098366	15.238637
-38.32736	2.005139
-0.9341273	-22.215158
6.963186	12.40727
42.589245	-8.43209
-9.39551	-26.45952
-19.433683	-5.2643113
34.383038	14.679754
-21.86214	-23.862776
47.8713	-6.4406214
-14.833092	7.1725655
-5.9904447	26.073965
-5.6207056	24.456459
1.4774289	-11.867921
35.190315	-29.437475
-8.349067	-49.050457
-10.267024	-43.670452
35.615574	17.149426
-38.838432	-20.118174
-28.951271	-2.850004
-0.031001367	18.36103
-13.215251	7.3674264
-35.86619	30.795107
-2.252747	19.88472
3.558598	-12.735462
9.028081	32.661682
12.140624	4.1771297
-24.631191	-34.53287
12.312563	-2.0440102
2.8796227	-28.861135
4.096449	43.77376
14.864772	41.92492
-11.0215	-45.212616
6.0985756	44.12261
-24.746183	6.9465933
-30.91927	22.101887
6.011669	-48.08998
7.9465995	42.598743
-34.017765	-1.2744453
21.591778	22.653961
27.017653	-30.504036
6.0957155	-10.010252
46.198174	-4.328195
-35.119896	-11.756281
-10.318661	35.371284
0.56604826	41.876057
-1.490665	36.95494
40.632862	15.257261
11.777732	41.770203
-33.27147	-4.0143933
11.9856825	-0.8691195
-3.5946937	-52.028255
-35.32095	-22.622845
0.888315	-14.57539
-26.740187	49.187183
-34.22804	-15.514437
-26.299196	36.620598
-8.189379	11.923602
17.1653	13.902133
-30.828796	-13.195563
18.179857	22.611557
7.2275124	-9.48437
2.2489994	21.826458
-25.934755	-33.3827
26.077183	8.570748
43.45281	-1.2615135
38.868843	18.885933
-15.970987	29.036625
12.658771	45.720356
-31.552711	37.71294
-11.690478	-49.14799
5.4222364	-3.3616593
18.65406	15.062263
14.1771	5.518405
9.542234	0.38414738
-33.096443	-24.29427
28.651564	-3.1997736
-2.475688	47.08227
2.190684	-18.855793
-18.053146	20.483557
-11.205845	5.9456015
-8.750527	-48.03237
10.371883	-29.037224
8.235881	-12.23909
