-5.7153163	-25.503872
39.090504	-21.694237
15.895202	-43.310474
-11.898589	41.789692
13.992677	2.5866277
-27.622944	3.8044126
-25.126995	-11.400442
36.59665	11.222329
-3.4652162	31.318098
-8.756379	8.8051605
-0.28335664	4.7803216
8.379094	6.476275
-31.943848	-51.483006
-41.89969	-40.28883
-22.8756	0.83542526
-2.575709	42.72107
9.898903	22.258663
20.855412	36.62572
-7.3488913	-4.4920897
30.573462	19.249123
-8.074216	-1.3084658
4.778172	40.000732
2.3233	7.058685
-8.77557	39.633904
-29.174871	-52.497772
33.952934	3.3817732
35.258774	25.921461
35.003212	7.395416
6.461024	-43.49317
34.282936	19.098576
-13.315597	8.593714
1.3722486	-8.422727
-23.271654	35.050003
-14.8631735	42.312984
-27.141739	-11.354049
-9.873289	9.074202
-12.569282	-16.902132
-11.486348	-12.832682
-8.485587	-12.580709
6.237114	9.186527
26.450588	-18.446995
32.6131	-8.266434
-7.456148	-8.408581
-49.42887	-46.256966
36.308575	16.046041
-31.61405	-7.818089
30.11327	25.53864
32.14923	-22.038467
-1.9136157	-26.370499
36.990227	10.963699
-23.120012	3.1470964
8.332039	-40.93391
28.740871	11.222631
25.786701	-16.103796
-43.226906	-36.31832
-7.358771	5.57796
-7.432018	6.2584124
25.75478	-15.030055
6.9332495	20.128595
-24.07749	37.12494
-24.577896	-48.997314
15.651546	-37.59613
33.88982	17.863646
-44.97307	-40.904697
39.985497	-9.456725
-33.239716	-36.38592
-38.95913	-36.788452
-32.74777	1.5653362
-29.641092	-9.616166
-28.484991	32.624046
-22.014334	1.3665854
11.97227	0.9146788
-30.043709	3.1205425
14.379978	-4.9446783
14.3636465	-4.0607166
15.095463	-6.801173
-11.015108	37.45114
-26.570297	-42.051186
18.995876	35.33821
32.732574	30.253029
-44.299503	-33.280483
-5.8292956	-17.887335
16.238268	23.707218
-7.2991514	-18.91181
-26.163229	35.98953
-2.672883	-20.464558
-27.541376	2.7423732
4.7342086	-17.995138
-35.43415	-41.659225
-33.814816	-49.1227
-38.309666	-35.277374
-23.945204	-4.471082
38.023937	12.684988
35.135635	22.092928
24.98979	40.088078
37.056557	-12.465446
-10.718038	39.961033
-7.3956723	-6.3647084
-14.326004	-5.6144505
31.540789	26.256788
-13.38247	-15.354741
27.6209	-18.009783
41.894047	-3.280095
29.626638	-20.24425
-26.605167	-47.5785
38.92755	26.44647
38.16858	-6.4840436
5.905329	18.20742
37.28408	-9.674322
5.721847	16.419106
-23.390322	-47.303585
6.993986	25.985937
36.1664	-10.670005
-23.592941	-12.510322
26.761051	-15.844379
7.572167	-42.74002
-7.5688796	28.2691
-25.71733	-2.2895002
42.949776	24.928368
-22.44058	3.6426396
-30.55479	-53.43215
37.76898	19.782768
3.3677294	6.7481008
-34.686634	-39.89213
18.713507	-44.10842
-35.736862	-43.440956
-18.500807	40.216328
17.354513	18.816778
-6.650182	-22.654812
-1.4346894	-23.344875
-25.223373	2.2120402
39.03806	0.9182053
-32.376038	-54.80666
-3.6326263	-26.70691
33.574863	-13.253416
-28.67046	0.18010198
-18.170624	3.668284
-43.596992	-33.20962
25.297176	-13.455535
-31.439848	-6.38379
-19.289095	41.23101
-11.205986	-18.27469
40.847717	-1.7780511
38.588943	-10.129159
4.270532	40.378353
-8.297353	-17.466236
-13.004521	40.877766
32.84458	-6.031066
32.686577	16.187357
-14.285174	46.14165
-29.546673	-43.619316
-31.500319	1.5797263
-3.5408204	-19.335587
-0.29051295	5.4260206
-33.471504	-54.75792
-6.6442437	28.50209
-2.4134972	43.503994
-9.131762	-3.2079535
1.9390452	-7.2034855
38.22544	-17.02956
-24.939678	32.576378
7.179401	6.4679127
-28.718302	-11.158954
17.46502	-43.127388
24.884285	42.073135
14.385	19.362057
41.19523	25.089298
25.962404	40.930634
6.2988844	-18.291828
27.092285	-19.929146
12.434065	34.04896
-4.970778	28.880663
-0.13900474	-30.695183
-3.384604	27.756575
-37.736908	-41.027164
32.977825	-13.217507
30.257553	-20.550783
37.899166	-11.347056
-33.31693	-49.867065
11.618892	-41.891342
29.840696	9.2806425
33.848724	4.786616
-28.821926	-45.377914
33.85658	23.268997
-7.528407	-0.59328794
-9.837647	-9.488791
35.891777	5.3298144
-0.51007116	44.41003
23.438536	40.644787
-29.065142	-54.04831
-11.920154	40.85875
-27.135012	2.2509763
21.747335	44.225315
12.371305	-44.457756
-33.324883	-38.32427
27.730394	-19.242023
36.202877	-13.74282
21.856833	33.74463
-30.275452	-9.102259
-21.29847	35.267776
-43.647892	-31.886295
-22.3728	37.193123
38.641956	2.3026989
24.524162	45.09845
-27.34593	-43.612175
-41.92473	-35.718586
-50.09054	-47.113335
15.987534	-37.169807
12.577034	-42.399292
-39.8601	-43.367374
33.071342	25.615662
-27.481268	5.927288
-48.925083	-41.47879
1.5532607	7.680267
-24.326696	1.6524508
8.412643	25.71269
-20.552113	2.8829398
13.08957	-41.598022
4.0031314	-17.96611
14.381353	-46.869247
0.94701236	-19.62195
43.495808	-2.10918
15.080303	34.409336
20.026722	35.08688
-7.3706584	33.091736
17.446503	32.95246
41.965553	-8.909515
12.342993	-5.506308
8.247208	30.807592
7.67088	26.435125
-37.6155	-36.635063
39.647453	2.7383442
-32.371433	-50.485367
-27.6204	-45.81647
6.4570174	-40.334213
39.430088	-12.217465
14.877917	0.82853717
-37.034344	-33.42764
-36.41349	-44.5063
-10.448909	8.473061
17.695753	22.80148
-29.17389	-51.524467
-1.3530855	19.326088
1.9091264	2.631463
-43.364277	-35.083878
-42.5989	-44.07052
-6.025518	3.4629626
-24.492392	-46.04168
-33.792976	-38.047424
-50.672245	-41.76438
-25.02601	-7.306675
35.61895	-7.419306
14.729156	36.511208
27.598503	-10.974021
31.858139	19.691957
-12.372118	-15.239243
14.74134	20.02171
-25.380352	-3.0988748
-10.333921	-2.3983629
21.161398	34.723785
22.416992	40.183777
-19.359406	37.938347
-6.865764	-12.0135
-24.900347	-5.0236444
28.713985	-16.534304
-40.303207	-31.18613
-6.842675	9.308871
34.06023	24.13781
-4.079858	40.835323
33.78843	-7.5931115
35.112556	20.634546
15.494226	-46.012
36.173225	20.425804
38.32005	-4.228311
-4.63519	-24.041533
-0.86321664	-29.208353
24.732485	37.465183
-30.786167	-5.6866326
38.607086	-12.780386
37.483852	-17.454964
23.545069	39.513374
23.069647	35.379124
10.844347	-1.7568231
32.978165	29.224216
-11.317954	42.870968
-28.647673	-47.660767
19.229248	43.405113
18.568092	44.705784
-10.567399	35.96246
-6.295485	1.7585145
-17.80446	38.847607
18.407673	32.70224
16.173544	33.8971
7.5623136	-41.255165
-40.806976	-43.117092
-4.5354457	30.525824
-47.47603	-41.12686
0.18179743	9.333541
33.082413	3.2576098
-41.955997	-30.121664
-38.387466	-30.908834
-35.73915	-32.776184
35.23113	17.316233
14.597277	22.477451
-6.2612205	-23.685938
6.916498	-45.304287
22.254639	41.87381
-20.759714	38.948105
1.1699663	3.5211096
-11.290281	-15.632644
-25.843567	32.490227
-5.6848235	-17.170788
16.413956	19.847994
8.514601	21.798916
-29.37203	-3.9951856
-41.86711	-42.138634
-7.4023952	-9.836319
-46.999466	-30.217607
23.065905	44.543636
6.2459626	18.991629
10.824841	-4.0957694
-5.301438	1.4490541
-28.870226	-0.37649435
-14.057759	-6.5380673
6.7731886	8.842174
-1.8297743	-21.700127
26.61026	-10.914842
18.948437	-43.440166
-3.7076018	-17.268179
28.086187	17.02478
-50.47881	-40.950417
32.997616	19.62269
36.166748	4.9400506
7.284179	-44.03729
-19.496502	39.648575
34.825333	-20.218304
-17.615023	3.7966478
-7.709021	-25.462147
38.181576	-3.3354785
-29.182577	-4.467468
4.912939	-37.959167
9.179974	-42.525665
7.609502	7.331386
3.3552334	8.170782
-12.586887	8.811597
-24.760336	-11.028188
14.994561	-44.607033
39.816757	-0.19794773
14.687445	-2.081197
38.22077	-19.619324
-25.951952	-46.64073
12.762857	35.097084
9.931198	26.0667
-32.206944	2.3950832
12.825285	2.1845133
13.155836	-6.4946756
18.121803	23.435158
-22.960716	38.505325
-31.23933	0.46586788
-29.037004	3.7978077
-20.16178	40.509624
-38.43833	-33.96343
-4.471208	28.449255
-28.94755	35.36269
35.80632	-12.732047
31.676992	23.701603
34.55509	9.084995
29.448849	20.091219
15.426558	-7.639505
10.576087	22.027779
28.55462	16.17189
-41.458145	-32.00537
14.845429	-3.3107061
-24.247316	35.952385
10.287937	-41.908695
-27.629972	-46.802273
-9.282245	45.54351
-4.596916	-18.726698
31.722908	-5.9722843
-47.501595	-44.16238
5.501919	6.334874
-21.855022	42.007553
22.902754	43.641075
-13.844076	43.395756
-25.314407	28.643879
-8.694894	34.08085
2.901678	44.953342
-25.344824	3.8672278
-37.164818	-43.51131
-43.720444	-38.73112
11.858589	32.64972
7.722517	31.627676
0.7749725	-7.8793154
-13.334306	44.43408
-10.216885	-13.536452
17.90648	36.156113
0.35201102	45.15147
42.469627	-3.9947631
24.556105	-18.22911
-24.023071	5.849667
-44.2075	-36.61942
-22.464483	36.3729
-9.547285	33.31898
17.431322	20.338062
-23.90388	-48.19462
39.009537	-7.205107
-24.986029	-7.82507
-6.2445474	-20.133059
1.9022163	42.03803
34.13616	25.63037
34.266396	-20.31207
-10.483571	44.822453
-44.632908	-39.87157
-11.492812	-16.995975
-0.5509893	43.558247
11.64668	-5.3476696
-21.832026	33.61046
-14.666002	-4.479967
-33.585625	-53.980297
15.864653	32.445038
-32.32437	3.7658384
1.0706669	43.107788
-48.856464	-45.753296
10.901629	-6.0228105
-11.16783	-14.188565
5.7959733	-38.890842
29.509554	9.707132
36.73209	16.55563
-28.418995	-54.60603
-35.753872	-42.37947
11.542251	-43.11365
-47.57909	-29.984213
38.95943	25.499897
40.009895	-7.6444335
-6.1313763	0.72116894
24.219755	36.95382
9.372065	31.572496
-45.389442	-39.660538
-12.274384	9.943483
19.257841	42.92165
28.056858	12.20604
11.294353	1.0275778
-1.4478508	-26.900352
14.259859	-40.833447
39.147934	-16.865553
3.863763	45.257153
8.186323	29.29666
-11.059958	38.103214
31.022928	9.102054
29.357405	17.067
-15.240168	45.763912
-28.16818	-53.315647
30.52	17.943657
-39.113003	-35.509735
-20.12059	36.94909
-0.231779	-26.64911
41.94278	-2.1282892
-25.377247	28.172491
37.93419	18.874657
-7.785761	-2.0213876
