13.584423	9.016127
-20.496735	20.014395
-28.186756	-30.214802
24.851612	2.8102756
50.59834	-17.555573
30.831745	-18.831781
-11.995314	3.7956069
31.08817	15.596121
-28.024857	2.2437015
-24.06882	-45.96106
9.813418	2.0170362
-20.584158	-24.835787
-9.525138	29.595627
-36.846287	26.841612
-43.460163	-9.895375
12.30309	17.235424
-20.762005	-13.002546
34.11368	12.297409
-14.721543	6.40198
5.1676526	10.958658
35.63876	-18.78969
9.928701	-42.7876
28.021233	-4.9131646
51.715675	-14.321345
-10.197561	26.205378
-6.2492523	41.599304
-12.670099	-18.134386
24.744932	-5.3645535
13.54978	-31.863174
25.599327	19.661879
-14.586373	25.546383
29.23259	29.58573
-24.862225	-29.654228
30.83726	-5.2019672
-1.6761136	-12.437973
9.889097	-7.0098624
-33.22451	27.502993
16.783783	13.978376
9.104058	33.54643
37.08072	-10.807731
22.143852	-9.3647375
-11.593415	-25.287615
11.880597	35.941902
28.06049	17.243011
-34.298798	3.6247869
-15.684272	-1.5474916
23.173464	-9.203871
-21.32786	11.512722
44.754086	2.4193857
-31.147814	28.486147
35.895256	5.914937
4.8190293	11.571126
-25.596512	-16.062483
-5.1529765	14.318995
-22.869204	-21.87292
-26.354324	-15.336197
-22.223213	-21.153877
44.427032	6.759913
28.562916	23.308107
-13.402663	-27.22753
38.14806	-17.445028
16.179703	20.357288
34.525352	-17.623743
9.419004	-46.24218
-35.37654	27.872103
-41.722183	-8.21295
-30.85881	-0.78925127
-11.198727	24.532906
26.174883	25.684505
-10.74758	39.122913
21.568336	25.489792
12.230713	-36.289845
-36.710827	23.80905
-7.2964253	-39.21728
8.135007	14.677228
28.352442	-24.530949
51.057594	-16.49785
33.162037	-8.387439
38.289505	-9.811866
41.86367	-23.09357
12.184551	-34.56823
17.351292	11.819815
-19.545689	16.655489
26.63767	13.056409
-4.999477	-39.845135
-3.009141	-35.174633
37.16912	5.348908
13.111251	-21.278801
32.15262	-7.5733542
7.834889	25.657461
30.02815	23.384163
21.739706	26.79131
-18.55053	34.889965
13.827103	-29.555614
16.534864	-17.014318
-26.875118	18.21781
-10.570447	4.3260293
42.043613	-5.6776986
-6.8725843	-42.780727
-31.79324	3.8805223
-31.891071	6.455218
-1.632357	-33.72779
10.306913	-5.830442
-11.8738985	-17.7208
37.46023	-23.194674
41.12697	-7.3466144
-41.868122	-6.6449113
-34.733925	24.773798
48.156586	-22.381168
-13.766049	2.2872603
-22.513838	-13.501414
47.930637	-19.188868
-42.87524	30.936995
11.573944	5.1973577
-1.6674081	-36.70475
-2.4100094	-14.698379
11.883098	-4.6161294
-4.037052	5.589615
12.404528	37.153366
17.823694	20.747097
26.724846	14.701515
30.600225	24.795967
-2.2496862	47.991787
6.8896046	-33.720894
39.38625	10.91974
-44.372276	-11.941337
-20.312078	-34.60482
10.026908	38.01602
9.089321	-18.606617
12.19696	-19.417603
-14.18853	-3.5054984
1.199783	26.720472
-5.126577	42.788055
-18.986298	-22.86308
-5.596182	-17.391884
-12.7053585	2.7894292
-12.747252	-3.8074338
35.003742	11.19056
5.5359507	-31.976686
-17.8305	1.2663265
-43.553097	2.6161988
12.14915	-43.317795
35.125023	-14.013712
-28.769701	-8.761737
16.521576	17.668468
-4.9530168	-41.154366
-4.8492217	-17.928959
46.597057	-18.827826
-0.37128538	25.721088
-28.559004	17.579178
48.71413	-23.821308
24.673183	25.630615
39.140045	4.955236
7.4358597	-25.65175
-17.578735	2.5200846
35.134323	-22.333288
-29.38382	-11.715591
-42.653263	-10.212809
-12.419391	-31.674557
43.014603	-6.753068
-3.7055383	7.908058
-47.607018	5.510351
-18.179981	24.95163
-6.500328	13.869415
33.054863	1.9907709
-9.368295	-40.954437
-22.666998	-29.315708
7.423191	27.69336
22.863869	-4.332273
13.737243	-20.527035
12.48752	34.284668
41.241383	-17.828932
-36.685863	-5.584514
-25.285616	3.0241215
-26.357008	-14.1375
-35.64221	3.7483034
-28.38399	31.120977
28.441593	29.115393
-31.000467	-10.259036
12.541313	8.473542
2.3340247	31.997263
24.961622	-28.468185
36.63181	-23.435308
34.939213	6.318204
25.861109	-25.74614
14.585684	23.132961
32.482224	11.105323
-4.0188594	-34.847923
-37.75247	-5.172614
-1.4684992	47.01896
13.291471	33.546864
37.330433	-17.904139
15.617477	-29.378853
10.084698	-18.865618
-0.011341881	-11.402683
-47.397705	7.018632
-29.19004	-9.959229
-7.9816856	-29.55816
-2.7325454	-13.769624
20.83103	17.830875
-18.907013	23.89839
-4.067823	-12.967712
-1.1315745	-14.061113
43.36762	-22.21064
14.52284	-30.366934
-23.562744	-29.910366
7.237691	14.032949
-9.866888	39.875317
-20.836433	35.406876
10.331948	-4.63572
-19.72886	34.973053
-23.649353	-44.349247
0.24179055	24.667294
5.8592253	25.63963
10.256109	5.6241226
0.80771226	25.574898
-32.172287	-2.094101
-20.290525	-21.334692
-16.903461	18.12339
17.339905	-28.567732
28.344154	15.10548
21.905636	-3.0152867
45.5895	-18.457916
-12.919489	7.645018
-11.419985	25.771065
6.8521976	26.715906
-31.97571	26.965216
-21.58316	-45.107246
23.542747	26.819643
-32.81829	-3.0562918
-8.4979	-28.234236
28.642828	-3.0344577
8.111563	37.83527
-21.781708	1.5150151
6.0769215	-43.467068
15.04902	22.09467
-7.3141923	41.020435
14.844605	8.500254
-40.152122	29.206415
-20.267008	-32.47035
-29.642887	0.61023474
-20.1657	16.067219
-17.909338	-36.60796
36.64035	9.781733
-4.0184007	13.345182
38.746235	-8.959262
-22.011753	-1.1461649
-2.1720953	36.064835
-41.024754	-6.9462976
-4.026311	46.28865
19.145006	14.011547
0.01677175	-12.297648
-31.165585	30.566994
34.974827	-20.638124
8.433301	-23.21201
-34.803455	26.046387
-19.217997	-34.196205
-6.384131	-41.468266
28.74688	27.703245
-12.610382	24.185768
-7.6735477	39.51874
-12.0839815	-32.048714
0.7834507	46.418465
-25.17718	19.267302
-10.078228	-26.071867
-11.206147	-26.542902
18.996338	-17.783388
32.986095	14.279738
-25.519932	-7.509653
28.216873	-1.7934963
-24.173037	3.638302
8.2088585	-46.7333
-3.398178	-21.522778
-33.15442	24.968115
-9.11628	-41.851727
17.680662	-17.692648
-45.62254	7.8956833
-12.164845	-1.505518
-7.176004	27.884739
-24.730696	-14.867117
-28.214579	-13.492926
-19.022024	36.05596
-5.517624	-13.476954
12.205219	-22.15818
-4.694833	7.749234
-31.728966	19.522917
-2.202066	-38.094044
44.221962	-17.027393
-0.5914507	-33.541218
8.473985	29.613577
-13.596396	-18.633892
-1.0474774	38.287502
-17.348555	-39.14397
10.240067	15.633673
-25.761936	18.403414
49.39261	-21.791727
1.4867121	31.009184
-3.8783426	-18.732664
-22.44509	-12.1012
25.69554	-9.0160475
7.4601445	-25.033987
29.429033	-24.052687
-9.515586	-43.01035
-43.68985	3.7993279
21.641558	17.89466
-14.351658	3.4542038
31.387897	-6.294976
-44.69395	6.5898595
29.939625	-19.104124
-29.784765	30.292198
24.559767	-25.877428
15.791417	16.26751
-12.185766	38.574535
26.227453	-26.57761
-21.33021	12.267301
6.6201963	24.86878
-40.926323	33.58284
27.012554	21.001818
9.323256	37.493034
-49.2217	4.6879673
35.182346	-15.241219
40.91572	5.091987
-1.0538622	42.29832
-8.85388	-35.690186
24.951595	-29.432596
9.065955	-47.469753
25.268835	2.3654892
-30.722214	32.16233
-3.9315267	-23.529457
42.65058	5.1666884
46.64202	2.2167454
-30.521976	15.040276
-42.638496	34.88458
5.560209	-31.20765
-5.9156833	-33.807785
10.435929	-1.971882
39.613354	-23.506584
-12.501648	23.160397
-6.6133914	-32.736774
-28.820429	3.8647246
13.874816	14.966337
34.00729	7.2526307
44.708958	-15.849175
-14.587757	24.584616
-18.393217	26.23772
-30.361437	3.2831802
-44.884846	2.2854679
13.294045	-4.9371724
-3.674542	41.62814
12.62765	-32.017513
-15.068927	-4.26086
-37.602978	-6.3673096
4.757309	33.169796
47.237343	-23.40246
27.553455	19.632193
-29.77668	16.954285
10.924518	3.4717224
13.362774	24.490997
-41.575645	35.09807
-41.568596	32.95652
15.265353	19.112482
-20.367323	32.74576
-20.163048	-23.201712
11.285215	-43.15019
17.059948	-19.571146
-17.686077	3.730833
28.845465	-4.7522807
-22.438116	18.264072
7.197901	-48.024
16.524061	1.5448161
-16.700829	-41.555946
-1.4678652	-10.318841
-2.3216548	40.42331
-45.609764	3.2538161
15.7900505	-16.598118
7.8293605	-1.4265182
6.029989	33.24332
-17.753607	18.181643
33.78452	-17.964558
8.299913	32.792404
-24.526262	-16.996292
42.107502	-19.021973
-28.151524	-29.05114
-17.416077	-37.83623
24.628119	23.930054
-49.83736	6.367219
-32.04969	20.669271
-42.782433	-12.218449
23.674019	-5.5222597
-3.5173726	6.318193
39.970333	2.6673858
26.033817	-9.797362
-23.174294	2.2695353
-48.045593	8.208886
-4.1381207	-24.181707
-31.173143	7.1674857
46.663227	-17.501749
-41.93619	31.128668
14.404261	-4.253556
6.14754	12.947772
-12.257326	-27.969288
-39.551434	28.385729
-6.6424613	16.015434
7.0189667	-2.2311573
-2.0074713	46.082363
30.689823	25.870304
-2.829965	44.08209
37.504696	9.105861
24.433987	27.997562
46.62658	-21.949581
-21.095108	-1.4580575
12.290449	-33.335655
42.683235	-7.5419126
-34.33793	27.490652
-9.023341	27.925165
-19.940847	-25.624044
-25.637928	-31.378233
4.810829	-34.743298
-21.571377	-0.24902034
19.534039	15.091042
-35.91089	-6.850582
-20.549042	-33.421524
6.9912176	-43.584885
18.280758	13.042529
-32.60881	29.603529
14.9676485	10.082591
29.259293	15.643013
-21.367268	15.247623
-16.53998	-0.9361043
13.253936	5.347324
-5.7973304	10.634624
-0.30325705	45.192886
-45.831665	6.5539136
-10.574944	22.002653
-11.933111	-0.22474758
46.65653	2.8514528
3.5851648	-34.560806
-4.7455177	40.723866
43.78688	5.534886
-3.4607418	9.927957
-13.947112	7.317284
-6.1147795	-39.15293
-21.227177	-25.825897
-9.638135	-35.904858
-6.7472076	17.171547
-40.43825	35.64577
11.667288	16.312153
36.2247	-11.703271
38.546684	-25.251232
8.784819	3.4194465
-26.439886	-8.26851
-15.3857765	-43.004036
9.87284	4.1397524
3.214885	32.770844
-22.5641	-44.46632
-27.369823	-29.9797
-23.926008	-18.513693
49.54259	-20.10407
27.715996	13.069216
-44.187576	-12.789631
