14.734559	0.8573259
-23.863155	7.1149445
-1.5691588	-2.5820153
8.235771	-13.067395
-4.912694	-9.054447
-9.9038515	10.829549
9.079592	15.511029
-10.386649	17.897284
5.955591	7.3651776
-20.644995	4.8627186
-1.2416095	-9.482277
-6.2140546	3.0465436
12.856495	-14.834023
-20.348347	11.996293
-9.792153	11.6983795
-18.946144	-12.614781
-16.892735	-1.6706222
10.651719	-8.319096
7.6170506	-7.9553556
-3.7368743	6.7689486
2.8193374	7.2905393
-7.756214	-6.669022
17.522606	18.303547
-7.072922	-1.9512261
14.396216	-12.860606
17.06813	8.200386
3.6528118	-10.385583
-13.3395195	6.8923907
2.1217153	3.8723645
16.460442	-4.2407036
16.816813	-11.494022
-18.897772	-13.230281
-2.5348089	-1.3985505
20.058859	8.230636
-7.9531546	14.834306
-10.729231	-4.020737
-16.474924	3.0122037
-5.780627	-19.353836
19.461063	5.528025
-7.70112	-8.104233
19.232956	12.133836
-9.321559	-0.56380326
19.136835	4.926527
15.34589	-7.2544413
-10.616121	2.9594452
10.242274	17.521202
-16.169016	13.629049
-21.264706	-3.899425
18.948057	6.634778
-11.076385	5.969056
-6.645293	-12.222979
3.8257139	-13.963345
-1.0081805	-13.8879795
-15.981916	-4.7200603
14.38469	8.487832
2.6360962	-13.371096
14.201188	1.8803021
-7.5265474	-14.709861
-21.21948	-12.216743
-6.777017	3.1303067
-5.3286285	19.749437
9.080935	8.704461
-12.21471	17.567497
3.0216882	0.93656015
-15.901463	2.086574
-19.587538	12.2640085
-3.3230155	10.217927
9.598424	10.26052
-0.250764	-19.982664
-16.214338	0.5960655
-9.653591	-9.728957
3.6659174	1.9232119
-20.3706	10.796737
-3.5282495	-5.972879
-15.818106	-1.5987159
1.7794054	-7.293683
6.2995305	-2.6613207
6.836466	-5.116517
-11.036726	-13.884761
14.483633	12.51875
1.1689197	9.360873
20.111868	-0.15613951
5.627305	5.132066
17.39228	-4.732847
-5.6224585	-3.4555361
-2.8909895	2.7806008
-7.794279	-10.886624
2.5675685	21.732853
17.866457	5.8512564
19.858637	-9.69119
-3.6208842	-20.958504
-10.134378	-9.26461
-17.561504	7.882242
18.14586	-6.262409
1.0269204	-8.888959
-21.044157	0.72049206
8.9781065	12.406909
18.533356	2.1140485
1.0611877	2.8747096
3.1601198	13.147375
-13.692077	2.28182
-1.0020169	9.159089
6.999015	-11.933487
23.100168	1.438392
7.0586786	-17.463545
22.12503	-3.9048085
2.7820072	12.040946
4.8108687	0.6137087
-6.0851016	-11.077428
-11.373475	-4.533764
-20.586014	-2.9228067
9.512529	-3.9922512
3.933637	11.983758
-1.5805238	-6.614775
2.5838923	4.388587
-0.20700034	17.736887
14.664533	10.280584
6.95888	19.062147
14.889544	0.028313033
-3.095252	-20.597898
15.936081	-7.423872
-13.453313	-13.229807
-12.59812	0.20184046
1.9158804	-2.758652
7.1498165	-14.718349
-10.4279	15.469994
-2.5026262	-4.42685
20.620718	1.9207717
21.98986	2.567497
18.498133	-1.0965562
7.790212	17.134417
-21.204266	-9.524218
-18.140764	-2.5631456
0.99758923	-12.18782
0.025918512	13.147131
9.378276	16.692648
9.15759	17.837688
4.8609376	-15.810871
-0.1029387	2.3294122
10.842769	17.37157
-15.215584	9.48328
6.3139024	11.150889
4.1524405	-5.1692977
-14.956289	2.7189946
15.245033	-2.181631
-9.003645	-1.4891022
0.6612407	17.342543
8.991364	-5.8590145
-21.039465	3.796373
-6.2128325	10.422558
9.02487	-6.7808695
-9.455069	-9.9204855
7.4624257	-5.8814535
20.941843	-9.865732
-12.558883	-7.516543
5.7866096	-4.7631145
-22.76102	-2.245493
-15.267318	11.975701
-9.33391	9.965214
18.774342	2.749038
-4.095848	12.53349
-7.3425655	5.567773
-9.890435	7.2288785
-14.158417	-5.5365376
16.672016	11.498176
-0.25160748	0.20266184
5.5100136	-8.906709
-11.538069	-17.73222
-17.990623	11.045683
2.6169105	21.718256
-15.383538	-11.416282
12.772567	15.249966
-10.528768	3.8918376
13.825897	15.669654
-22.046465	-2.5204263
-8.8268585	5.2695103
-5.9992056	12.748344
-17.800587	-14.407275
-12.693161	2.3659687
9.535677	-13.072811
-22.35162	-10.730937
-3.4374552	1.1205275
5.892979	-20.000608
0.17901865	-15.5123
13.556708	-6.042025
-9.990942	-10.12876
13.71694	-2.1060352
4.5663333	-6.740486
17.927746	13.388585
14.030246	-15.35868
18.1131	0.7815101
-9.493091	12.037687
1.3942145	19.53977
22.288258	2.0190377
18.75711	14.459728
0.33239183	-12.8682375
-8.135072	1.0281734
-0.96839964	15.310151
-6.6922407	16.586153
14.8496475	-2.4908295
-9.630107	6.7978745
-16.556402	8.452556
-7.122467	16.35248
-3.7120626	-8.220809
1.9473959	0.58561397
-2.5265818	-0.61078393
-14.977455	-1.6481123
-17.28435	1.35479
-15.617841	4.524778
-1.4186745	-13.73266
4.807665	-0.058692314
-22.488508	7.5950427
1.4027692	-1.3167917
20.197685	-11.064237
-5.0972805	-19.432634
3.0643187	3.4042165
-4.0828753	2.81858
14.300984	7.3593745
7.8878527	-0.009851134
4.286739	-6.4173636
17.547014	-3.9569728
11.351567	6.1958904
14.896836	14.269316
-12.572889	-4.801185
14.848451	-12.025494
-11.456552	-16.17982
-15.041211	5.750511
3.943382	11.234301
-19.658594	-13.485269
-2.6873593	13.83812
-1.9529134	5.3414593
19.573498	7.8491144
15.8167715	-12.679227
7.49403	11.395437
0.9402095	5.5919533
-7.252429	-18.63041
-19.205189	0.45050114
-7.9815907	-16.146767
-3.5831413	14.831316
8.646828	4.264249
-10.843306	1.1736016
-0.38782674	-1.6703488
1.0355953	14.627095
9.757425	-9.504452
-14.926781	-5.055883
-3.3201532	19.69777
7.3452525	14.514747
-17.414291	-5.8266196
2.0991592	13.8061905
-13.16899	-18.409231
-4.9726853	-20.397451
-5.34971	6.3088455
-20.402664	1.5487711
13.075034	-4.45562
10.707266	0.81258875
-16.497002	3.6566448
6.411402	2.995479
-0.20409997	9.416841
-13.13244	-13.287245
18.688215	-11.918092
-18.852966	-11.086776
-14.588117	11.627818
10.865819	-15.949181
9.171911	1.859773
6.786695	-9.170537
-2.244767	6.1637163
2.5484436	-5.3159175
-8.385377	17.079817
-12.990747	5.0693083
17.522093	17.748777
5.124067	6.001233
5.399906	14.780536
-4.309045	5.486027
-14.128617	5.2108035
-4.529623	-3.6613128
4.4862747	4.7597585
-6.197423	6.4851365
8.507464	17.948711
-9.42176	-16.585934
12.032171	5.058487
18.476038	11.679367
-5.186845	15.254616
-0.2940361	2.7778475
3.5966039	-1.927263
-3.3442292	19.259987
-21.210293	12.851154
-4.674636	-2.5186787
-4.517676	-8.459417
0.9196676	5.118384
19.580893	-8.953746
10.468863	3.1092355
-14.004931	-14.941405
1.9042407	10.9461975
12.11761	3.8522475
-6.4100146	10.066255
9.906638	-5.856294
-5.861194	12.696121
-4.1807747	6.3244886
14.764199	8.151051
-10.029477	-13.0377035
17.22432	-9.6436
2.7239213	6.7037306
6.913726	1.0793618
8.850686	2.6219084
20.59425	-3.5127392
-11.844345	-7.4452863
16.642992	15.296691
-15.592361	9.054174
-10.971695	17.568014
-17.379412	3.3783898
-3.3748853	1.6623906
-7.310349	-20.423569
-16.888914	-4.384483
11.767137	-6.9311266
9.622039	20.575161
18.370106	-10.328508
20.35618	9.115553
20.20062	-3.3693047
2.036356	-5.113693
11.192875	2.4117367
11.719958	-6.678218
10.65335	-4.948205
15.293686	3.0667222
-6.1747394	-4.649979
-13.117766	17.656445
-5.7874446	-0.22654556
18.430065	9.750766
-13.930435	4.2615495
2.2648606	16.512867
10.981994	-4.208143
-12.815899	-5.0913258
4.4001927	-13.192449
-19.091934	6.1918745
0.873382	18.623123
-3.4624214	-6.1682057
7.264309	-10.015425
7.452735	-16.278126
18.928984	-12.860731
8.916384	4.754605
8.621341	19.358429
11.041415	-13.79463
0.14005515	-15.8209915
6.8393154	-3.6484315
17.183332	-10.517133
11.606688	9.234891
8.899717	19.777613
-3.8096619	-15.507496
8.445348	-12.498063
17.787457	8.014913
-4.3028817	-14.783727
-13.30723	-8.268542
-2.2613873	15.109574
-14.783527	-11.76102
5.284881	-19.705885
1.2342944	-19.088081
-21.870224	8.07924
2.2942379	5.8126106
18.6823	-8.94866
-20.245226	7.4437227
-18.899506	10.591807
-7.161375	-20.335445
-17.48901	-8.484114
17.44873	13.090033
-10.926925	-15.438948
3.5676112	21.333532
7.258891	6.1550145
16.789839	15.644792
-6.5544105	8.303096
2.1251948	10.497093
-20.339243	-0.5567378
7.7887683	1.1707878
-12.524141	-10.983017
11.966028	2.101872
-16.95808	5.65431
20.879774	-0.2908464
8.2342615	-2.1340623
-21.260347	-11.703832
14.24654	-10.859918
13.527597	-6.880398
-12.609875	-18.134676
-10.318473	-3.2394733
-1.9052677	12.146739
4.4405	-14.802445
0.19698003	1.2505058
-0.55887306	-19.997551
-7.1455965	7.712724
-14.381401	3.3421159
-11.806951	11.838394
-16.144676	12.748422
-12.834188	-2.560856
-4.048983	-10.39562
8.088201	-8.393573
8.803886	16.549778
-0.8355242	-18.392065
-3.586552	4.4295073
-10.362072	1.8875914
8.983448	-4.3651214
-12.908959	3.6843688
6.50598	-14.731059
-6.323595	4.843854
2.7969031	-15.226616
-21.06191	8.855775
8.997817	11.195015
13.2232065	12.307653
-19.836266	-3.3291113
17.60156	18.81758
16.997211	7.4340615
-6.4334946	-12.056026
-12.778959	-13.74553
15.297468	12.679581
-23.413448	-5.7148957
2.8250017	-3.2695923
-23.045494	-7.7674727
-17.112112	4.137738
11.5132475	-15.617013
-1.2516409	-5.5869093
-1.3576342	-4.2607512
-24.414873	-5.3524275
-7.8937564	-5.3304286
1.2944608	-7.8567867
-21.39341	9.679988
-5.321033	3.2984533
-5.9399395	-0.93605614
18.782057	-0.2769007
-18.62922	4.220241
11.6062	-13.564915
-9.974005	18.54264
5.6665545	2.1692216
4.647766	-11.570971
-1.3317177	-9.159502
-22.84625	-6.4686007
14.576971	-14.847684
7.388242	3.2006087
-20.098244	-6.2208567
7.3333344	6.507544
8.000291	-4.7684817
0.8123381	12.503528
-17.133747	-8.210087
-8.544165	-6.0967813
-22.49463	2.4431448
-12.142523	0.47092414
-2.4776483	8.727643
0.6023183	-11.356278
-3.0164626	10.321253
6.5849924	10.440502
-4.9140415	19.757696
-0.43225193	-15.026451
-18.1825	8.054118
-3.6698961	-11.519272
12.10405	-0.6534338
-20.528084	-1.5961871
2.1624825	-9.665683
11.987419	-1.8104187
-16.178173	-7.8838224
9.487347	9.290495
1.761942	-11.070503
2.362774	-12.884613
4.6424255	-19.39293
16.282305	-4.7747808
-10.739844	15.085385
