-26.51991	6.6482453
7.963201	-2.431949
10.253639	-4.9216356
-20.257446	-2.265297
0.0042193667	-15.689513
-1.1159775	5.79147
0.09078802	1.4729961
-2.5928996	-7.827992
-5.7485733	-18.824663
5.396543	-16.65602
6.4353433	-12.578739
-19.572472	1.0267711
6.1354	9.4749775
-21.59722	3.4205096
-0.6851769	4.4158826
1.4414332	-23.346182
9.621043	-15.963236
10.981898	-4.727344
-25.667234	4.4542894
-4.8963013	-13.7012825
-28.95499	3.671684
30.810942	-2.7179513
6.51326	-13.707902
-22.892466	-3.1973238
6.0441585	9.991921
-18.083567	-0.9591176
8.532512	-3.9719038
26.604979	1.999675
20.805021	-7.2780013
-4.835346	-9.434332
9.226251	-9.135635
-6.4474125	-15.594058
15.246232	6.807617
-17.243574	-1.6665117
-6.3353586	1.2053767
1.2105838	-14.786864
-22.424856	5.6766005
-28.123306	5.133923
-26.221172	5.839412
2.56653	-15.453305
25.075718	-2.1139452
-19.09713	1.949788
-25.5385	5.43633
-7.8637767	13.78096
4.272996	-7.986226
-4.002451	1.6245818
-6.0074396	-13.287907
8.215275	15.091246
-28.692299	9.175948
28.652739	-5.8518653
-2.1857028	5.0369153
21.6607	-8.468249
5.128518	-7.760158
26.28911	-2.3448431
-1.5252453	14.848773
8.062886	-13.354499
1.3399494	-18.054163
27.018211	-2.1621547
-0.09299779	-18.630367
14.8775	5.917991
-30.758139	1.8852168
29.626097	2.0678144
-2.8052495	-9.184366
0.08889168	17.698643
29.160763	-4.111032
4.2446604	16.541792
0.55274934	19.060541
0.6775948	2.499847
-6.53313	2.7280407
-23.675982	8.802024
-0.016694777	4.6563225
3.9662745	-14.883928
-5.144689	6.162454
-15.05522	7.2057896
-17.56008	0.8975713
-1.0854095	-16.227015
-23.171835	-3.4214175
-27.712528	3.0357814
-2.6165674	-22.240004
8.998343	-6.1406097
-2.1312053	17.334307
-26.266245	7.0987945
4.381497	-3.135363
10.938399	1.7480017
-33.698635	2.5965846
11.206342	1.6668135
-1.8167896	6.052478
-15.547058	0.024231132
2.256724	18.85659
6.8405037	9.354456
2.9119744	17.274242
1.0769941	4.207632
9.1078	-4.6514606
-5.882035	-9.050368
-8.051857	-16.811306
29.672115	-2.4345658
-21.941576	-3.052642
-26.358614	5.0871325
-31.02593	3.445611
-3.2042887	-15.659677
-22.10208	5.342044
-7.029596	-0.041726302
28.396118	-4.4341826
26.492613	-1.25229
5.7022896	13.638278
29.146847	-4.918756
26.496742	-4.317229
1.1244478	-19.38049
28.321835	-2.2135565
7.705788	-16.00143
2.3792868	11.708502
-3.2986188	-18.128843
29.283041	1.4779974
-15.166027	5.077675
25.868126	-2.9372013
20.393295	-7.569737
18.536663	-0.92249835
-9.035438	1.7018242
-20.440071	8.557893
-2.4791367	4.0483837
6.631824	10.867426
5.358868	-5.449692
7.167644	-14.231251
-22.40611	2.4639
15.881502	2.4636178
2.67566	18.320045
16.465515	6.310071
-24.862999	2.9047966
-25.446083	8.701483
-27.270464	8.048037
-4.290412	4.388662
27.481876	1.73778
2.9817057	10.662418
-29.91384	7.25429
0.31492892	-21.445047
-2.2875564	2.7155485
7.7023487	-12.717538
-15.366731	5.180173
28.667448	3.1584492
-3.67984	1.9306982
17.35681	6.775646
-25.094418	6.0616918
28.379124	-1.10983
29.005737	-2.985802
-6.5046077	-8.109695
-33.71269	3.0005612
17.731726	6.2517986
-27.719616	0.13982621
3.327738	-4.917068
-23.960783	4.0739055
3.9786537	19.89799
0.6436151	4.3314605
-26.843222	5.8020644
6.164465	-11.571588
7.458725	10.71083
-6.156917	-12.363664
12.721244	-4.9983616
-29.235317	3.898946
-5.3305283	0.31739077
-25.721045	-0.2898997
13.418649	3.47882
-19.063417	0.92004585
-7.55597	3.3692381
0.61725724	-23.180046
9.521477	-5.9976954
4.6221156	-18.011988
9.595032	-3.1421409
-8.373451	-16.534313
27.020351	-5.158884
32.2095	-1.7490665
-0.8908416	-19.596897
18.704636	-0.23330522
-28.799013	2.2185237
19.055382	-0.2639053
-3.4072177	14.371299
0.23111974	-21.286097
-25.336226	1.1752964
29.644009	0.2986151
4.1738634	18.03047
20.572191	-9.969515
6.714952	-8.833611
26.517597	3.6910908
5.280347	13.751251
-6.3801894	-14.033029
-28.381931	3.9671392
1.2906944	5.692688
26.997442	3.326973
10.313645	-2.9068763
10.993781	-6.390925
5.627453	10.464096
-22.102884	-3.746734
-1.1646934	5.1375012
10.781698	-5.605676
-25.33988	3.1113534
7.7115765	12.443115
25.66648	-1.8690032
31.452408	1.804459
7.354321	-18.22929
-5.96012	2.6987774
15.7813635	6.840956
-1.7987175	18.654337
16.401627	8.102173
27.281597	2.294338
-6.93254	-17.37506
4.359728	12.513258
-3.5140998	15.875265
-27.310373	3.024876
28.720066	-3.0509312
-22.149616	-0.36062667
8.195761	7.678374
-2.8701775	-14.898096
-4.3725533	6.893968
0.5103182	16.958406
5.8608193	-13.262679
-3.0773406	3.6296577
1.3762004	-19.926853
-31.47372	1.8633928
21.031584	-9.882947
-25.309847	6.8074107
6.697705	18.047546
27.018248	-5.8928623
28.36539	-5.2177587
4.4048467	-20.404087
-3.4993825	-21.011345
14.516457	-0.28901917
-1.6795639	-20.206293
-21.420979	6.667439
12.173117	-1.774601
-1.8731103	-17.550985
0.19545983	-19.650995
1.9100192	19.522484
-17.055239	-0.61339647
6.2285376	9.426984
4.5152707	11.622643
21.807983	-7.5217333
29.531805	-0.8001706
9.359579	-15.069377
-4.252689	14.916009
1.4662882	18.340286
-5.8660774	-19.079226
-3.4639509	-21.850527
3.7120392	11.131244
-8.177205	-18.202366
-3.8220544	-16.895481
-2.2783823	15.287174
8.659853	6.912615
6.321957	-9.717823
-1.9844145	14.091711
1.561226	17.54196
0.6287817	14.71562
-6.915755	4.150143
28.250288	0.5858066
2.391485	-20.747383
-27.09517	1.0988646
-4.898371	-8.345324
-22.99196	5.8780274
2.8050954	-18.62183
-6.9141884	6.2098913
4.2747664	-12.3679085
-2.3371136	-20.8644
4.934494	-2.7068553
16.49094	5.4627433
-29.032795	6.3443756
-6.2163153	7.4861994
-26.330738	0.66699386
23.619375	-1.3080368
5.765817	-11.615527
-4.184148	-10.097349
11.601479	-4.153132
27.783081	-3.0867376
-3.8910801	-8.341653
6.2947006	18.181906
-5.063258	-8.915063
-21.108767	7.269392
-17.04398	2.1147678
-30.492188	6.0100174
10.699517	-3.569035
-4.0497837	2.3980682
29.932253	-1.7802479
-26.960302	-0.34387743
11.732739	-6.422114
11.484185	-5.368356
-30.764158	4.3354754
9.330974	-4.0185423
19.76437	6.1098294
2.5732183	19.569883
-18.621202	3.8820448
9.86917	-5.333619
16.856798	4.6260552
8.667397	-9.16728
16.74538	7.0707273
-2.0483944	-20.807596
-6.8316884	-19.46522
21.596603	-8.575225
-0.69009465	18.156557
-3.9670138	-17.683022
0.14578529	17.714754
-2.975523	-12.996972
-24.94222	4.893268
-14.890258	5.76031
-2.3376815	16.318508
-28.788477	8.578815
-4.096674	-8.614857
3.1362743	-18.606682
-25.61814	9.163769
-31.452124	6.875872
10.028382	-6.2463145
17.15578	7.5685077
-0.56355524	-14.52212
-23.811224	6.500962
12.966281	3.2264447
-26.310919	7.527615
8.453535	-16.631716
7.656763	0.24703072
-5.7106824	3.9684422
-1.1291538	16.97293
-15.819653	1.6655922
-7.6483335	14.085891
-8.39697	-16.186087
-0.5674115	-18.388025
-13.91666	8.790231
-26.573305	4.0054293
-0.012590898	4.012637
-18.176584	2.757977
5.1212687	-15.763188
12.056139	1.7502587
-18.130995	-0.2515661
-21.127522	-1.2767836
-27.521769	5.8893547
-4.946281	-14.774423
1.112113	13.060236
-7.427128	-14.641169
26.982113	2.4537313
20.391144	-7.270479
15.915272	5.7991652
25.37701	-4.276581
6.9508924	-12.134023
-24.803812	9.044909
-20.680387	8.0367155
-5.149104	3.3002458
-25.294146	12.379025
20.806242	-8.784911
-26.298016	2.4521852
6.547868	-14.042908
9.8510685	-9.6885805
-5.541447	4.6622705
-22.283905	0.13936786
28.595848	-0.114958234
-17.553467	-0.60478103
7.269058	-2.356413
-0.9010294	13.163578
-11.883346	-11.859012
5.6026297	-19.09863
-2.1113784	2.4831445
-1.523504	-16.331871
0.067028135	0.81733096
11.77258	-7.3109264
15.001735	5.266621
-5.959529	5.7271204
-4.685473	5.926005
16.98726	6.3474646
2.1404147	16.09482
19.213528	-0.41611645
18.430449	0.40368974
30.588123	-1.600613
-3.3922772	-15.3406515
4.0402117	-7.5693803
-18.927723	-0.7347509
-6.949094	-19.894522
7.645374	-5.7717733
-5.318243	-15.902568
-6.9857106	14.778372
28.04532	3.8369448
15.254396	7.6379466
21.091125	-9.308856
5.6918063	13.088742
9.606771	-8.570815
-24.98551	7.4197297
-28.953146	0.29684255
-1.8387109	15.530616
7.624714	-15.380022
15.484487	3.8535645
-10.3825245	-15.493626
-21.804678	-4.2441435
-6.388899	1.9087528
13.58304	-0.8892364
29.809992	-5.8511567
-2.9097776	5.7355723
2.7530842	19.447502
-0.38944304	16.378496
-11.45169	-12.282902
-2.9258642	-18.13841
-5.778954	1.6239887
-22.66367	-4.144559
-33.452736	3.015105
-10.677894	-15.515765
-5.1960235	-17.550186
27.826832	-7.0155125
28.353914	3.755762
-2.1412184	6.716644
-22.637537	1.8799167
16.005213	7.6929545
11.02983	-1.8398992
7.795739	-17.43861
2.3706694	11.686731
27.248756	-4.034293
-27.44471	6.791234
-27.04915	9.515373
1.4621441	-22.261145
-3.2470582	-9.749246
31.219067	-4.1291842
-21.124334	-4.78285
1.5938205	20.053387
-23.156237	6.791418
18.517519	7.5508347
-15.098137	7.1304703
-18.377544	-2.0113475
-30.178318	3.467712
7.488656	11.365485
-0.98329794	-17.22154
-5.210318	5.5148234
10.075368	-2.4615097
-7.198449	15.281088
-28.024029	8.409513
-24.002268	6.322023
-25.310623	12.039526
-1.7661742	-7.564206
7.0366673	-5.506758
5.690332	10.996353
-22.758583	1.7914742
20.01435	-9.221924
1.4486927	21.698483
8.456929	-4.637084
29.694613	-3.4370046
6.52061	-9.049776
12.493505	-7.1628942
-2.4424648	-16.441357
-0.47615275	15.61829
0.6929243	-16.053717
3.0558112	-20.818789
4.986287	-7.504453
5.163688	-14.8197155
-27.860874	9.916819
18.361752	-10.688838
-25.587967	-0.6189362
26.014227	2.6649597
-1.8954822	-17.897663
17.542631	5.2816243
4.6615844	-8.737113
-5.487862	-14.910174
12.816642	9.10089
5.8331423	11.411456
-4.4229646	-14.463489
2.129032	16.488533
14.641035	4.5045033
-27.76912	10.898273
28.134981	-4.581962
-5.3233924	1.5341896
-4.2153716	-15.390605
-30.06934	2.8746626
