-14.987978	8.360094
7.818343	17.047901
6.0913596	17.322672
18.165922	-1.9456524
-11.384659	14.010759
-15.738164	7.132919
-5.255178	17.093039
-3.6445346	-16.419348
-13.038917	12.139185
3.724808	-17.451132
-5.7369695	-15.737098
18.720308	0.40554863
14.965233	-10.464814
18.623857	-0.7084855
-15.164112	-4.735633
18.123043	5.240809
-7.965704	-14.540068
-16.344442	4.2385216
-7.2219834	-14.918424
-14.932526	8.462591
1.0627918	-17.511108
18.071064	-3.5345013
-9.851648	-12.753658
16.328178	8.706196
14.302555	-11.934328
-16.191956	0.9726397
-16.611244	3.2390015
-7.162458	-14.482005
-3.8445272	17.576582
-8.537806	-14.199519
-14.23501	-7.0351768
-7.677244	16.419638
14.693351	-11.398753
10.926776	-14.259177
-7.757986	16.428003
-13.015606	-9.38057
-13.616498	-9.045948
-3.5166714	-16.23011
-12.224838	-9.990961
0.9518055	18.413279
10.323082	15.075354
0.368387	-17.009672
-10.023846	-12.598436
18.631622	-0.12534626
0.7517791	-17.512127
-15.975021	-2.7102757
1.4782109	18.311064
13.60175	-11.818767
5.1865807	17.655243
-4.6678333	-15.967301
-12.710915	-9.148538
-15.605801	6.2064457
0.87662184	-16.935686
7.4950886	17.098167
17.522524	7.361254
4.4281993	-17.36661
5.6090875	-16.63795
4.035826	17.854773
-14.743849	-5.8902225
9.755298	-14.950752
14.283829	-11.962809
3.745752	-16.911852
-10.007724	-12.610524
18.594017	2.1821606
-8.136268	-13.828009
18.8136	1.4157044
18.806915	2.4445472
-12.902647	11.491858
-12.90852	11.486652
-13.956596	-7.6344657
-14.972354	-5.343263
2.1652162	18.42011
-11.253723	14.112084
5.4691887	17.724413
4.035294	18.04467
1.33616	17.942772
17.24117	7.061477
11.617943	-13.819236
-6.558812	16.892096
3.6036472	18.239754
16.50982	8.2348585
-15.948342	-3.0659876
-8.731795	-13.521406
-13.451067	-8.469769
2.9477956	-17.048374
-5.742556	17.005884
-16.61253	3.8115928
-5.034127	17.372053
18.137554	-2.9736118
17.556705	-5.0671673
17.950558	6.288436
-5.7216134	17.549294
5.31589	-17.142338
-15.356387	-4.353879
-15.125435	8.105671
3.7626586	-17.469526
17.618443	5.9224405
-11.315022	-11.329087
-13.140221	-8.549259
-1.8118844	18.016962
-10.452532	-12.218373
8.083038	16.26036
-6.5231237	-15.114014
18.588316	-1.3149892
17.158558	-6.2546206
-16.01386	3.6180968
1.4803165	-17.070358
-15.305162	7.329965
-13.632963	-8.965783
9.94623	-14.846151
11.517093	-13.888242
-12.707421	-10.160908
-11.452988	-11.166744
1.5839036	18.396902
7.7303157	16.415201
-8.138483	16.307947
7.541065	16.482193
-15.490974	6.3699017
15.379708	-9.867162
-11.868461	-10.796748
12.904982	-13.1047
-13.938713	-7.666287
-6.1639957	-15.296707
18.274878	0.09497658
18.37054	2.3536105
18.082642	-3.7052922
14.098773	-11.253555
8.93526	-15.367178
-15.479976	-2.7472327
0.22500847	18.1482
-15.957085	-1.3159922
-12.323047	-10.345385
12.072479	-13.523521
1.9152405	18.033768
14.373649	-10.906577
-16.191843	2.1776872
1.7291521	-17.401443
16.6802	9.108213
0.8701133	18.002378
-16.000788	2.8581185
10.798602	-14.341072
-15.315416	-4.6602936
-10.706409	-11.988525
-2.956104	-16.522625
13.734433	-12.4355955
-13.355194	-8.47572
18.365501	0.5943221
5.2072744	-17.212276
-13.2576475	-9.537151
18.10831	-2.748487
17.076792	-6.4470887
-13.677199	10.837047
-11.2967415	13.750579
-8.237534	-13.769415
13.1242695	-12.412844
8.584354	16.497303
17.348091	7.821817
-12.709188	-9.169704
-13.371757	11.89818
-5.2881465	-15.920899
6.6408143	17.235601
18.13844	-2.5251102
-9.261556	15.330584
9.97009	15.357024
-10.945769	13.829392
4.904122	-16.658989
7.1844444	16.904024
-15.272555	7.0725813
0.22533281	18.147514
17.288996	8.253617
-2.740713	17.901083
6.11044	17.446077
7.2990427	16.691881
7.610825	-15.985365
18.384935	1.1436733
16.466013	-7.917534
17.141268	-6.8276634
-13.133501	-9.734239
16.888498	-7.0006027
-11.822639	13.215128
-8.003035	-13.910532
-15.971679	-1.2334262
16.45618	-7.9339294
-15.5846	7.3586016
2.9985254	-17.414871
7.0438952	-16.229246
-15.924132	-2.511438
10.592333	14.845413
-4.4370875	17.8864
13.056478	-12.572306
17.746693	5.5308223
-16.438368	2.1813889
-3.3909235	17.798962
4.929191	-16.641567
17.910723	-3.1629317
16.944366	8.502027
7.76882	-15.91233
16.860422	-6.451565
-15.932341	5.1890626
18.26618	4.2661366
16.735798	7.87663
14.218137	-11.01574
-10.7985325	-11.840643
3.5617113	18.234415
13.661406	-11.924867
17.028223	8.747531
18.4056	2.9235559
-5.47348	17.666729
-5.4573627	-15.853888
18.453356	-1.7975459
-13.579967	10.955898
-9.764689	15.042055
18.72166	0.3867175
-12.479788	-9.610585
-15.816673	-3.3532746
-15.42437	-3.4226723
-7.601833	-14.583604
5.333257	-17.122824
-13.524997	11.709195
17.762175	-4.6491895
-10.804883	14.247789
-6.977916	-14.663815
-10.28294	14.794972
-7.892816	16.136822
8.2331915	16.82568
-7.8809323	16.147572
1.1114115	-17.501078
4.3954973	17.886427
-0.98949134	18.084787
-16.165194	4.466995
18.50371	1.8198565
-1.882158	-16.79208
15.921544	-8.78775
15.527996	-9.587202
-15.902378	-1.9055238
-3.5228667	-16.429205
2.6628726	18.333822
18.179977	4.6789436
17.729942	-3.7013984
-12.862665	-8.889756
-9.006408	-13.494976
14.596411	-11.564404
-8.471546	-14.267389
-15.924833	-1.7073176
17.741287	6.454887
18.756882	2.682412
-0.21421815	-17.204685
15.968788	-8.497063
18.096624	-1.4308769
17.221703	-6.5953393
-8.255117	16.17711
-2.4863558	-16.634092
-12.776314	12.433653
18.067816	5.151968
-16.124916	0.118272826
-2.3472877	-16.684439
3.3436787	-17.418156
-13.197592	12.086309
4.235347	-16.862871
-8.944235	15.572743
-13.602271	11.512363
15.627167	-9.435236
-14.878364	-5.5427895
-5.372628	17.052963
9.27544	15.838119
17.35576	7.8322406
5.5837855	-16.6165
-16.090565	5.0539765
6.6239305	17.232676
2.3100915	-17.296242
-6.352822	-15.239515
18.595364	2.996005
0.18343346	-17.390295
2.781053	-17.104595
-13.678455	11.09071
5.3845806	17.526207
-11.104828	14.185274
-16.205097	1.1437556
-12.63079	-10.229347
5.715569	-16.82687
-5.1602182	17.775026
8.529034	16.185303
0.918341	17.974781
-4.74649	17.854807
17.724562	-3.9047437
16.781984	-7.12927
-12.346949	12.487998
-1.8886731	18.009398
10.0124855	15.320564
-0.46364048	-17.056614
17.942812	-4.23821
-16.05227	-0.5953194
-12.935933	11.455159
-16.016829	3.858872
18.251348	-0.36658427
1.0936054	18.42945
18.764925	1.5247785
-16.004814	5.4889507
-15.142686	-4.480159
10.745702	14.706081
16.305223	9.090246
16.341812	8.495231
-2.454896	-16.622356
-0.35573843	-17.07432
-16.02128	3.8944376
3.52158	17.780333
-10.070723	14.701993
16.00013	-8.896492
-5.321136	-15.428623
-8.827055	-13.893517
2.667238	18.329796
-13.6090555	-8.631692
1.5841749	-17.200817
-12.223717	-10.000939
-15.970346	6.405695
18.386726	1.1372896
-8.982069	-13.517494
17.993174	5.4108696
-4.7163987	17.283966
-16.614302	2.6533806
2.3279305	17.97867
-4.7883306	-15.928478
-16.05948	2.5256782
-11.009422	-11.696045
-6.877752	16.766394
-3.159342	17.842722
18.425608	-1.1352103
18.078705	-1.5661248
-16.608925	3.2423625
-16.595652	3.8488197
17.43306	-5.3557224
-15.846042	-3.3102872
-15.687184	-2.4330144
-1.9092392	18.00577
13.989327	-12.242182
12.483615	-12.976998
-3.6664872	-16.234251
9.859832	-14.8930235
3.6456888	-17.013056
-15.416751	7.395774
-16.61254	2.6443253
2.6370955	17.97556
16.823174	8.938516
-6.4215846	17.131065
-13.417529	-9.469428
-4.224504	17.906097
8.738673	16.125147
-11.63033	-10.9402275
-1.2818716	18.063961
-15.950547	6.5798807
16.760462	-6.677841
-3.8280935	17.872578
-16.59113	3.2125607
-10.329432	14.696187
-4.4841404	17.349007
0.40282655	18.260439
-7.252557	-14.913922
9.300028	-15.189246
-12.597162	12.045739
-15.419195	6.5175843
12.319488	-13.231914
17.014309	7.3782773
10.118162	15.216947
-1.3211393	-16.910088
6.67891	-16.379242
-8.826206	15.710826
1.0144566	-16.966467
-15.875421	6.793484
3.4246433	17.812283
0.5696998	-16.962788
-15.455092	-2.7959144
16.269287	9.217977
3.486594	18.217505
9.732943	-14.962537
-15.929312	6.029852
16.349352	-7.995037
-5.736785	-15.516923
-14.83068	8.682479
6.4810967	-16.458012
17.197489	8.478781
10.607245	-14.458837
18.48247	-1.768322
-9.497468	15.379932
14.909681	-10.522958
-11.972012	13.273921
8.342701	16.746136
12.319213	-13.382574
-15.480647	-3.9954038
18.13615	-0.8882596
17.578758	6.0677075
-11.003149	13.778639
-1.2680318	18.066832
-9.248289	15.700631
18.532166	-0.48299593
-5.5478873	-15.334811
-5.910856	17.073496
9.683591	15.547299
-8.104181	-14.496741
10.09465	15.235848
-15.092666	-5.0234747
17.616447	7.103213
13.910027	-11.449403
7.6703753	17.08528
8.339828	-15.653358
13.341756	-12.726461
-4.0890713	-16.176048
-6.6503453	16.85285
-15.925079	3.371645
14.731151	-11.070547
-16.143808	0.2437836
16.31322	-8.379833
17.583477	-5.001254
18.45138	3.5619843
-7.7327867	-14.104589
18.775457	0.9149145
4.895927	17.759768
18.382215	2.880386
-15.383215	-3.3076985
13.659854	-11.706
-10.009765	15.064184
-8.79625	15.816429
16.21734	-8.671784
16.674604	7.9735737
7.9621067	16.294357
-0.9292431	-16.991583
-15.991714	2.9349906
-10.784445	-11.853742
3.7531166	-16.912477
12.721027	-13.205861
17.686789	-4.2798295
5.7053294	17.359846
17.475336	-4.7762733
-14.677382	-6.0551805
-4.9584813	-15.6550665
-2.6310182	-16.64392
-12.17169	13.125237
-5.83374	17.499588
18.402695	3.6874254
-14.578683	9.165933
-11.8813095	12.97762
-16.286829	1.7362473
-4.052383	17.421469
5.8372507	17.640024
2.6142657	-17.26153
-16.061794	5.080759
4.643578	-16.963398
-12.379781	12.788654
17.473568	6.6937675
4.4987345	-17.355854
-16.134596	0.19504657
15.760243	-9.261751
14.843045	-10.952513
-14.503424	-6.4484673
18.063879	5.9577546
18.108429	5.812192
9.337443	15.792787
-14.762483	-5.8554463
-13.284946	11.126632
-11.424323	-11.252875
0.6251966	-17.478516
