16.216793	-8.322166
-16.180243	-10.179274
-15.2219925	-8.185084
8.03029	26.437725
7.966017	-14.368242
4.7157393	-10.910122
-21.901407	-3.687902
2.5422416	13.536949
2.6800368	10.524565
-12.40801	-2.8256383
3.492753	23.145075
4.446556	23.367268
2.222016	-4.385292
-16.10809	-16.09889
3.8287194	-11.121754
-8.916644	1.1167887
13.080587	3.0246055
-10.786284	2.855413
-14.94761	11.519934
-3.3873672	19.048542
17.910307	-2.5783448
-0.59988093	-19.772596
7.7792745	-3.062343
0.18663427	-14.517698
0.96007323	-4.3977847
11.125309	26.287315
-2.4657042	-12.913488
7.8197775	-24.561947
19.701317	9.257718
7.4917283	15.166317
4.6758604	2.2204607
-5.7302976	12.762082
12.103829	-1.9202921
9.880608	25.354984
8.21142	-7.5880065
0.21020916	10.909159
-13.3882265	-17.49691
11.791901	-1.02751
17.886189	-10.0186
7.8363867	-13.700434
-2.5176823	-22.07379
6.6202545	26.58051
15.847908	-9.337929
-10.366102	6.86016
-0.2852781	12.106493
-19.051222	-2.9965177
-0.13593295	17.367441
-18.070723	20.079035
17.321398	-8.612528
-9.554452	-21.929773
8.771248	-11.084343
6.9822025	-18.39825
-0.28875637	14.829843
21.297213	10.798363
-17.641031	12.819151
-5.2879887	-7.059384
7.772653	10.238057
13.6944065	-4.0200877
-4.9117537	-4.4880157
12.544742	14.334356
2.008028	18.46885
10.172047	-25.521078
-2.7193036	12.052552
10.673702	9.262587
-8.201688	-19.979929
-2.1566648	4.3716655
2.320735	-12.809756
3.115961	-2.7723875
-6.9668856	2.8905375
-8.540538	-17.75479
5.971206	-9.686301
20.216614	9.96964
-16.947739	-14.489527
-2.2093372	14.579874
8.98159	27.362934
-8.324559	9.837234
18.87715	-7.936781
-13.839427	7.6848936
-3.3914385	1.405938
-15.176434	2.827077
4.6865125	5.434013
14.708681	-7.6540995
1.5096016	7.0762763
10.554804	16.141975
13.644308	16.235289
14.300193	13.769196
8.100639	-11.361313
3.1286309	-19.351099
-11.752763	6.7092557
6.999816	1.2331951
-9.404861	5.80155
7.129672	-10.913155
-10.321278	-13.40606
8.9369755	15.999702
0.2329446	6.618935
-6.461007	-18.089277
4.138619	-25.171986
11.713958	-13.434498
16.002243	12.996927
8.370906	9.0602665
-14.197856	-18.508135
5.125478	-12.779135
-5.225065	-21.025448
-0.7110008	-8.072258
21.996176	0.07368327
-1.2530026	-20.431679
12.93165	9.859993
-7.268153	-5.980975
10.826366	-11.57923
6.314909	-5.801368
-17.805779	18.515776
-12.838981	12.051098
9.440584	-23.573345
15.142146	22.172585
17.129704	10.894916
15.998978	8.260796
27.974998	-2.6412275
-21.242386	-5.5604043
10.371851	-22.454235
-9.529125	6.251176
6.595467	-0.1717684
11.86534	-8.65271
7.584787	-4.272915
-3.395252	3.635542
-0.30196643	21.02697
-8.705612	-14.939627
-4.9186788	-13.714392
17.78253	-12.134725
15.188795	-10.123053
16.541143	-5.3400555
-20.684584	-2.757628
8.503663	-25.380133
-16.010126	17.409975
-4.707572	-8.10494
-12.104028	-6.152731
-21.761395	-2.5849535
-20.93992	0.053512152
13.187946	21.154436
18.960798	7.131246
-18.593971	-3.1083252
17.519907	1.9093019
14.100582	-13.353975
15.861238	-11.012634
-8.868539	-19.678446
9.783389	16.951797
13.912917	16.431608
16.483871	2.2272022
-14.704993	9.663244
-12.745932	-2.296363
13.290546	-11.05862
-9.264051	13.55145
6.5281	-10.226886
-13.410536	7.5621896
8.165921	3.4301167
3.867348	-7.0559964
-2.1636176	16.062473
-11.133592	2.1335192
18.631207	5.34111
5.3957043	-7.68576
14.759355	-11.93487
-5.5238266	8.293413
6.2121663	24.399784
2.39318	2.701057
-2.0536716	-0.7346977
-14.136093	2.196298
-14.419123	-6.2249427
-9.357622	15.370862
1.3438396	5.555785
-2.1861982	-23.455008
2.6728873	-18.997133
-8.866608	-3.2358816
28.131207	-1.2677537
17.615528	6.147506
28.473995	-1.6581992
-18.792444	17.86584
-11.833234	-5.8181443
-7.9930944	-23.13323
9.196824	-20.888874
-14.272108	-19.150959
12.66778	-20.802505
1.0946839	15.242387
11.793258	-25.356907
21.3311	1.2295715
0.31040975	16.396645
18.083204	-4.1606183
5.646972	-8.709993
11.2253065	-24.717108
-9.013658	14.334348
-12.728318	0.39529905
-0.5515103	-3.4116988
17.524462	-6.122639
3.964537	-10.5344515
-14.7453985	-7.52096
17.44104	-11.816251
-13.525137	-0.95124114
-4.519301	-12.017799
-1.2485292	5.056051
-15.830206	-2.7610507
-6.972959	4.150904
7.374582	14.006853
1.8354411	1.101465
-9.690517	-12.185025
9.578295	-24.778965
-15.078569	4.779795
16.812979	13.979988
-5.43231	16.926298
11.981183	1.3140312
-8.28219	-19.16664
-14.307499	-16.549513
-2.6273077	-4.705835
-5.8741207	-2.6694682
-16.34082	-11.083345
5.825474	-0.845164
7.89069	2.1731946
11.817823	-0.8081617
-7.342249	-4.3986487
3.3571858	20.092758
-17.088888	12.210407
-0.90110236	-11.761574
-8.784409	10.381684
9.65177	15.3697605
-6.493195	-21.217028
-15.6058655	0.8993212
-1.807346	0.5220344
3.126227	-3.6955874
-5.3241634	0.283879
-11.38558	-17.892952
6.894787	4.4153285
-5.2308908	-2.8863287
-12.851433	-5.792462
3.389785	-7.7095947
10.0221615	26.059013
3.223439	-4.4556665
3.119879	-1.6995871
4.298288	24.434359
10.728059	1.4346048
-8.7095175	-10.89142
-16.17896	19.242636
-9.080486	-15.424706
4.3334064	10.404865
-1.3529962	2.0584497
-14.291023	17.888983
4.057432	8.624634
-1.3036188	20.378841
-17.63831	17.337906
4.574426	20.619438
1.3979161	11.221761
-17.58068	16.520426
8.177086	8.47797
-11.20669	20.646101
-9.983815	4.6228433
12.645964	-24.38161
-8.49751	-1.5714644
19.007122	-4.12134
9.273704	13.455971
-12.9415245	-17.05981
-6.669455	-4.824227
5.7799454	6.310909
-3.2442858	10.092701
-0.16654207	-0.21862023
-0.041460223	8.014969
18.750526	3.4610379
4.888396	22.073202
2.1791537	7.291912
-15.76272	10.503894
-7.293479	20.678852
-3.1741107	15.859246
-6.797432	5.2288594
-11.457767	-20.069353
-5.0470366	-23.47199
18.244001	10.911453
-4.1939397	4.0557084
9.310078	14.990807
6.814833	-23.52946
13.409714	22.99274
8.361597	12.276061
-6.904928	18.768026
-20.321068	-3.2320836
-0.43300664	-16.242708
-5.1365714	-21.878506
-12.266727	0.8188176
-11.762001	-8.016883
18.335215	7.790787
-7.4896917	15.32942
6.4516063	-25.700703
-14.206492	-13.083416
-8.292021	0.79207534
-15.708556	4.4577484
18.444345	9.514622
5.729382	1.9773095
-2.1887598	-10.565364
-5.0000315	0.72339714
4.7489986	8.078666
-17.987371	14.319338
1.607931	0.16370688
-11.0913315	11.790143
-3.6259925	-17.916378
-4.77455	19.224653
-18.094124	11.323013
11.67068	21.563713
4.199271	4.1496935
17.698849	-3.3469417
19.009226	11.246828
-2.858561	-9.201448
13.984552	-9.036291
6.091148	-11.872475
-14.25665	1.3164477
16.693504	1.7555783
-2.9998252	11.06274
-11.85071	-16.277388
11.140744	16.136433
14.428256	-0.35231337
-7.3570447	-2.1718533
-10.338751	11.443839
-19.55674	-5.207756
3.088498	4.072023
10.496276	25.024614
16.189556	-16.096115
-0.17180571	6.1217203
10.091686	10.842505
14.22031	8.068382
19.950106	-4.6221986
6.897299	-9.167151
13.354194	22.007233
9.982063	-4.219066
-4.677392	7.433122
9.009805	26.381222
-15.328009	-16.919548
4.1124396	-14.228474
-1.8076789	17.336077
-16.575092	16.472664
1.721974	14.620865
8.602759	-24.717854
16.175646	8.1979265
-4.9743147	-14.382129
13.480685	11.610528
0.40790492	20.979618
13.84155	-9.642608
8.583173	-23.477707
-20.207478	-4.3873997
15.672176	21.570227
7.175819	-18.433989
19.61189	-7.473596
7.1410546	2.6247394
-10.840018	-7.961999
-20.02845	-6.3542776
0.89611304	3.2326136
11.834077	-20.758108
10.370312	26.54656
1.4667149	3.6862388
-15.326997	19.334835
10.298242	24.213524
-9.630836	-3.8424084
21.586996	0.7834112
5.907935	17.55696
19.74533	5.035814
-9.744489	1.5427129
6.8709507	15.590543
-15.695247	-12.290101
-16.80724	-14.271374
14.154087	0.01868569
13.121162	5.0230336
28.576263	-2.3050327
28.596354	-1.0202551
2.200162	-18.534008
9.357168	10.739759
-0.9393832	12.897111
7.710967	24.368347
5.483816	7.0303698
-8.199691	-6.811477
5.088037	10.027998
15.913358	-17.290813
11.032844	-23.500042
-11.660906	-14.115813
4.946362	-21.049103
-21.26094	0.95740575
-5.6820254	12.615099
-1.18314	-12.362699
13.815142	9.596067
-11.938579	20.397434
6.7970123	-5.364586
-6.135301	8.468724
-0.025750332	7.570511
16.337135	3.2664423
-6.9254265	2.8669188
-10.222697	20.857449
-10.045086	-20.398071
2.4125044	-10.715034
-14.824103	-12.711787
-5.198321	6.507801
10.110244	21.91562
-13.9239645	11.50898
-18.91625	-1.3104798
-6.0596347	-10.296271
13.444109	14.901793
-0.2212142	2.6990669
-11.869656	9.774958
-9.287615	-21.348892
12.308691	-22.881195
-6.8632917	20.191353
-3.4742236	8.630754
-10.5063305	-12.278697
2.0463398	15.821685
-15.812837	-4.0913987
-17.159006	18.15238
-5.7891383	-23.530201
16.536371	-14.02816
16.292168	-7.1621437
-8.95546	-4.3762136
-15.097103	2.0606766
-20.429483	18.343117
9.793069	6.7920904
-0.13810077	-3.5387087
-11.513494	-16.614294
-0.41060397	-12.752448
-6.9603944	-10.654326
14.536037	23.537067
15.527334	6.0487394
9.670591	-15.200845
-10.500032	-3.1191156
-11.58421	-11.804682
-6.9599504	16.332352
0.05380451	-19.210297
16.512691	-6.0463233
-11.193276	-15.863225
13.216688	-6.5643563
2.4704275	13.830179
-7.7029314	-6.4422255
-0.6076394	-4.144436
10.608307	-0.99863714
20.454666	6.7781363
-1.5496364	-1.4850885
8.3040085	-22.702303
-6.8783092	-18.61977
2.1566763	10.784081
-12.45352	4.7655
7.1131206	6.624075
11.990467	4.783574
10.5221615	-13.697042
-9.163194	-1.2463653
8.379294	-2.9444785
9.11709	-3.6614342
-4.6899805	-9.823816
3.0187576	-12.531194
14.460615	-12.457562
7.6616783	-25.70169
-4.4267426	-5.0883846
18.665901	2.32518
-1.4166803	13.244071
4.493172	11.472709
-18.500942	18.507093
-0.5636295	-4.908827
-2.6206765	18.650753
10.956458	4.468469
-3.5032163	6.9892364
-3.0291228	-10.140533
-5.0469294	-20.570662
-18.711784	-0.5774759
7.9466386	17.176102
16.209383	6.3656335
