0.88247293	6.6659784
-13.146596	-10.301719
-9.168195	-9.761211
-8.132266	-16.23493
2.2169566	-20.789833
-1.5839992	-25.296307
17.516712	14.828756
17.1712	7.93087
-6.298473	-24.26981
-2.9570146	-12.775419
1.6077303	-18.641384
-6.327636	-16.86732
2.0011466	-1.568851
7.954763	12.483326
-2.9862409	-26.087065
-12.482394	-4.930125
-3.508026	-1.7618723
-11.919286	-8.188357
16.57994	-9.651889
15.589701	5.367495
13.307531	-16.200174
-10.437496	16.818033
2.5858278	-17.070324
-5.733048	6.3274093
-19.55766	-8.415671
10.781087	24.41127
-2.9742692	9.792868
-5.1634693	25.54102
8.332922	-16.867876
13.8231125	8.261143
-11.071372	3.7943127
22.441454	1.7559401
5.36659	9.817398
11.376356	25.58486
5.0298233	9.267475
-2.4069211	-2.23786
0.8840027	19.258848
-0.5925607	2.072997
3.48721	3.573581
1.6214105	-22.150013
3.7343736	-10.867422
-7.6277146	-17.628387
-0.33993065	7.708264
-7.4176626	0.564401
15.930728	0.42328346
15.856808	12.025327
19.802347	4.086173
6.361648	-1.9325174
-0.528403	6.0702143
-6.5598593	13.280547
0.44885504	-24.794764
-4.635777	10.805383
18.023087	0.13675795
7.2401514	-14.573337
9.538746	1.6278118
-4.9429255	-12.6540985
-4.640594	-11.617869
5.230802	-19.68799
-1.4744501	-8.720549
12.771479	10.171289
14.386319	-9.320869
-1.5183742	26.470133
15.136751	2.5505595
9.408684	10.949742
-9.983748	13.717095
-19.524841	2.5228243
-5.9685216	-27.433971
19.348404	-7.3390465
15.51445	14.888779
-1.4715855	11.554732
-0.78658086	-23.765182
7.899144	-17.347855
-13.640033	-12.696638
0.52210337	-17.661789
9.148218	25.39374
-4.8846297	-16.984133
1.3081012	6.2804146
-16.543139	4.685024
-13.827731	-1.2141081
-2.159654	14.566093
9.642021	16.18848
-1.7277998	6.643833
-18.199924	-3.370925
11.493535	9.033773
10.401907	13.982368
12.719167	11.130999
0.85970366	-25.302263
8.9629345	23.147131
-19.212603	-11.011054
4.2790217	11.98121
-14.9529915	-16.922684
-0.19007324	-25.599533
-2.3564124	11.756023
12.147016	8.24675
-18.492266	-2.9928386
-11.764489	11.685344
-8.039324	8.837223
3.2598162	2.8930566
8.445053	-12.459652
8.408241	11.678688
2.1133778	18.957714
-0.5387929	-26.719393
-8.635301	13.72653
-8.860289	1.9693649
-1.404257	-15.915357
-8.210592	15.592557
10.49051	-8.7217245
-2.2240767	-9.888901
-10.694444	14.76813
-0.40785763	-11.586215
8.765916	-2.0927136
15.29722	-6.669688
-2.7411573	25.574432
9.336203	20.412369
7.9097505	-14.238152
10.361609	-13.565161
-16.086733	23.29619
-12.265396	-13.378704
-2.4505372	26.718683
-10.132257	2.1471102
3.5775402	11.546833
1.2003502	12.402566
2.0300417	-16.282446
-18.801079	3.317226
-13.274469	4.265108
-15.549065	-15.126712
-5.136693	-3.1304212
-9.200007	3.96004
-1.0227622	7.924486
0.7088355	4.5180483
-10.935874	-12.9959955
-4.3659573	25.566242
10.028956	0.33290577
-9.165345	-4.230685
-6.195172	-12.4172735
-14.3147335	-16.820963
-6.9432716	-13.902041
8.899818	20.34243
10.136001	-15.903874
5.125459	-8.305179
12.722756	-18.027546
4.484202	7.789155
2.551077	9.95462
-10.682829	13.028239
8.276823	5.6522455
10.614435	14.315007
13.835071	-17.396894
12.267823	-10.681636
10.910449	1.9150265
-2.9635706	-20.639387
-22.937462	-6.2417536
-0.90849084	-24.579575
2.595009	9.514645
-11.749314	6.2309294
2.0966833	-3.2298408
18.776953	-0.88756686
-11.905106	-7.042527
12.205318	-14.937214
1.2279068	-4.7800217
-15.491274	13.078596
11.523861	11.540255
-7.4151635	-16.238262
13.80926	15.6256275
-12.617717	-4.365393
-2.904841	14.572192
-3.0553193	-10.820634
-24.41743	-3.9332283
-18.311323	-3.8739965
17.08371	10.014715
-5.8875465	2.8179865
-3.6095343	-7.7907963
-16.212841	23.970922
6.2588553	-12.364872
-16.619907	23.800268
7.807612	-2.7242022
-6.295374	-12.69672
12.692492	-9.450311
-2.2216315	24.123135
2.1646385	18.09579
-12.526511	4.6369505
21.101692	0.13116577
-4.078868	28.765759
4.0664296	-8.937881
20.261335	2.7543473
15.627412	-14.667875
1.6308391	-3.7497935
-3.9999602	27.853037
-23.584383	-5.058831
-9.254014	-7.1829066
-18.521353	-8.575882
15.799777	-14.267571
-2.9146833	-24.445429
-7.785552	-9.806097
-9.841675	2.980443
6.081357	14.935343
-14.672359	9.755098
-16.905245	0.16766682
-7.708338	-7.3437376
16.306261	13.880477
8.49148	7.621598
-23.076618	-2.7572472
-0.19297965	11.560603
-4.036063	26.486534
-4.044062	14.868993
5.0549226	-2.5790906
11.272277	-3.3679733
-6.035057	6.096189
-11.495055	12.983473
-14.5822735	1.619778
-17.005154	-7.7892065
9.843034	9.669751
-13.908445	-10.489971
0.026161147	-7.535052
2.341296	-18.494783
-10.566029	0.42403474
-3.8971307	-9.286497
-8.02718	-20.336111
-12.830446	8.562792
-3.5518813	6.0988264
-13.998571	3.9646795
12.281703	7.466228
-8.561912	14.582152
-5.9148026	-5.018389
-14.155186	-4.0765777
4.0593066	-18.620178
-11.095861	-2.6020916
-3.4045346	20.788025
17.364723	-8.519726
8.423782	6.08511
-1.6177104	-9.94807
-19.366638	-12.004645
9.980283	25.657215
1.8420216	-1.4679979
15.223065	-3.5299037
13.431453	5.836935
-14.409496	-3.1020112
4.085172	-15.103796
6.746032	0.9713988
1.0564302	17.749641
-7.175922	-24.444122
-16.074907	-1.4611963
10.046593	-0.6448546
-1.2324601	-2.442825
18.96113	-5.942486
7.254419	-1.3691406
-9.301565	-19.1094
21.117655	-0.39641613
8.302935	-0.7976751
-19.29435	3.903136
11.775746	6.232065
-9.990379	-1.2643617
-2.4752562	29.3133
-5.9281864	-6.861411
14.134843	-13.365502
14.824906	5.6887646
0.6243957	18.567997
-4.612103	-9.824344
-16.612387	1.9312127
12.052024	-0.84240675
-12.862938	-3.037591
-19.994457	-2.5954275
12.619546	-17.016912
10.275775	7.7591248
-8.1029415	-25.679813
13.444008	-9.966127
-16.404926	8.5752945
-12.450811	5.7353554
15.571514	10.699607
-11.117912	-9.669926
-12.848246	12.526914
16.102468	7.992706
-15.201758	3.8247714
13.239408	7.509247
-3.9971967	23.669605
9.542599	24.507475
14.896358	-3.7933302
-23.207024	-5.36421
18.730715	15.013133
-5.007299	3.0000305
-13.349247	10.053982
-9.948436	-7.050536
-10.873759	-8.758102
10.009984	-14.870535
-3.021262	11.182176
-1.2304727	27.876085
-19.276125	-13.288546
-9.5464525	-4.8553686
-9.20809	-5.884418
7.8728228	-18.364628
-10.282456	5.4208384
-15.9583645	11.679398
-11.617924	-1.9486806
-7.317582	-25.415377
10.121558	3.2067213
-3.147596	15.4857435
17.973671	-6.2093234
-6.519917	-20.183903
-3.7401206	-20.815207
1.8370656	-6.045937
11.998209	22.32221
7.4386225	-0.121560276
15.370202	-15.57951
15.614178	7.4219694
-17.721916	8.081513
-0.39122933	8.720063
-2.0370297	-26.275152
-7.0974298	-4.4182315
10.739941	-19.807745
10.8614435	-0.9606875
-0.049570534	16.382475
11.484925	10.1464
-2.4280047	5.662076
-5.8135858	-7.670135
17.456526	-6.5143685
-11.260053	-12.54599
12.866979	15.720305
11.631269	24.713955
-6.9186864	0.52213943
-18.862934	-2.097454
10.1800995	-11.212233
11.802288	-12.530927
14.341046	-12.601278
-1.4688901	-23.602182
10.1348715	21.208359
1.7009492	-15.098571
12.787648	11.658769
10.706379	26.327194
-8.468858	-17.386593
13.558273	4.184466
18.687025	-2.8082564
9.012271	0.8006064
19.78501	1.8893217
-4.8865466	26.459364
9.993367	-13.9892645
3.1804416	-10.917466
8.071389	-10.541008
-12.556397	6.276863
-0.21451642	9.082511
-3.486403	25.52521
-11.257473	-11.803468
9.352855	19.038141
1.2819016	25.131119
15.619181	-10.7686405
3.2697105	-17.73002
-8.485472	-12.872809
-14.058334	-14.2519455
-14.938745	0.39118093
-6.4316573	25.32209
10.6153555	25.16613
-14.442874	1.0855273
9.963379	-2.9107697
12.127948	23.770523
-6.9903083	-10.04899
-0.8047832	-15.407925
-2.7977424	-16.57555
13.272655	-15.389213
-12.707308	-5.943653
-0.34536114	1.9641695
-18.866186	-14.064778
-13.149457	-13.101461
-3.0967784	0.37233675
5.1743655	-8.940528
-16.640205	24.441763
-15.70137	24.401808
-6.0291495	2.8364854
9.477457	10.474073
16.08654	1.3361827
18.570934	5.659465
-6.2982244	-26.627153
-1.6329678	-11.018198
22.098795	2.8079338
6.0174828	-0.79670453
-3.2540088	27.638823
0.096452676	13.147408
0.6474574	25.655046
-4.1201463	-16.577456
-10.534854	2.346467
-4.3614817	7.400705
8.324004	-10.575856
7.6651735	0.9756912
0.4505187	-12.445239
22.127228	8.8096485
-19.73255	-1.8723933
15.143014	-16.789017
15.3233795	15.048412
6.278167	-18.468414
-7.9810476	12.786054
-4.9379044	-25.540861
-19.43859	-13.915823
13.892124	11.461585
11.300839	21.804693
14.836966	-6.681538
17.665876	11.935384
-0.25734848	-14.981642
11.062456	12.949593
-15.602109	0.2347394
15.746903	-2.6698291
-8.552025	12.546123
-2.4202905	28.519615
0.39757898	-26.253664
13.643231	13.331587
-0.09119085	12.362987
21.36209	1.986673
-6.474686	-7.9337564
8.800517	-1.3857808
-12.367919	14.962861
-6.2901964	0.18799028
1.9106659	7.7775187
-3.1251087	-8.440826
-1.4459656	14.275306
7.27644	-4.294498
-13.080482	2.9306586
-19.011257	-9.44627
-0.25934544	16.729263
-4.564399	6.5114884
4.0485845	-14.382689
10.176651	23.32922
12.151314	-13.600254
14.247289	9.339737
-3.123019	-5.561001
-14.860504	-15.832586
-23.42027	-3.2803977
-10.629053	17.473732
0.69077206	4.9876966
0.082000636	15.655713
-2.4476411	3.3726013
18.676136	1.9921389
2.0056727	-5.258076
-18.49532	-8.077915
0.98445547	1.2516297
11.250503	-17.530418
-16.796965	-6.805893
-5.137271	24.541847
-8.822147	15.815192
21.99934	-1.0671115
-13.802706	-6.45585
-7.3625045	-20.334166
11.5715275	1.1752248
1.824939	-23.348972
-7.162413	-6.440703
17.521149	-0.00968337
3.7159863	-16.350986
2.6024444	6.252498
-4.3719034	-26.042505
-15.560541	12.6895075
-4.0653806	24.816858
13.279332	-5.6426554
13.243218	-18.465862
16.403187	0.7105888
21.184368	2.738566
8.668602	-3.1331656
-17.86361	-7.442401
17.909138	-4.021739
-3.3725178	-0.6389646
10.104333	-8.509698
3.5386534	8.970432
-8.080553	13.834603
17.816639	12.161786
16.956894	4.9778223
11.673898	-14.537809
