-1.8524244	1.7652453
-18.236412	5.007816
1.8162934	-3.3963115
-13.015691	3.3043754
6.000034	9.339936
7.3166738	18.73831
7.4260116	3.810296
-6.108037	18.813854
1.4333737	11.049478
3.2518027	-12.596323
-10.723139	-12.242082
-15.73661	7.4443884
16.05338	11.637011
-20.172472	2.4084032
7.1051235	17.845543
6.2753987	-7.55988
19.260664	-16.278902
-7.393906	9.184982
-3.5933635	4.4077806
-14.400178	12.056439
16.239977	-5.5652695
-13.030652	-19.04542
0.27793142	15.308109
4.4367414	11.671359
15.220121	12.662152
-7.78393	-0.106950045
-14.451052	-11.873331
-10.351403	-4.115243
17.057121	-8.511244
-2.0640628	-8.689995
-4.428724	-22.324247
-12.288952	18.53694
13.980258	-19.58999
-8.951634	-1.1484908
10.053388	-12.818831
-1.1013105	13.411015
-18.648483	-2.1791613
14.938193	-18.295698
17.619606	2.432834
6.488389	14.863431
14.449712	-4.529755
-16.06998	1.7693996
16.837952	4.185152
10.497512	-16.311136
-2.3824885	14.163046
7.171794	1.1554731
-8.167659	14.761781
-24.122252	12.045549
16.459162	1.5150344
-16.479813	3.1896174
9.665296	21.482765
-5.381722	-2.752785
-7.9044695	17.341507
-22.883095	-4.7058263
-5.9772425	2.5725317
8.294258	-2.1663587
-0.98025346	2.1209493
6.551166	12.875654
2.782333	-7.843465
-6.970191	-13.182555
9.792607	2.4439871
0.7871012	-17.714119
-3.183031	19.223288
10.458548	-5.6656404
-17.320719	-1.8381003
10.021335	-11.050188
4.5261726	16.088943
17.234596	9.941136
0.26198062	-8.961552
-17.119913	-0.45177662
9.310103	18.308424
12.070635	-6.2602606
-21.025711	3.531615
-11.817816	8.591063
-16.627155	-7.5710793
-8.702408	4.5710487
4.557299	11.0764
3.3610437	8.035809
-4.4638615	-15.51976
8.455566	9.017901
-1.8748031	-20.335514
14.901105	4.9483023
8.836022	11.860037
-6.800009	-9.2488785
-8.995744	-14.679346
-5.8598375	-12.012583
8.106757	21.12636
22.269882	3.6312149
15.755054	2.2061367
-6.698051	-20.680265
11.350072	-18.121607
8.742974	19.78164
-14.714846	-5.608783
-5.710449	-9.013878
-7.6073875	18.437813
-16.023022	-3.5882103
-0.68030936	9.14366
15.9850025	6.483082
16.386717	-9.481002
0.6881076	1.4255463
-20.469927	-2.2768056
5.9788346	19.401651
-21.217602	-9.370736
19.391165	6.160283
-0.4143461	-6.4509954
11.930757	5.39597
2.9834623	-21.920387
4.9891257	-4.262467
7.2985287	22.047174
3.762537	-1.617591
-24.688528	12.55383
-4.1239667	7.6278176
-2.9338782	0.22195926
-15.416109	-8.821858
15.32389	-8.852967
13.487071	-11.147113
-23.84794	-11.732064
8.866796	2.6282382
-2.2531803	1.6492788
11.223175	-17.372911
10.000755	-15.538606
9.596469	5.5542774
11.419484	-20.662209
8.934864	-10.876732
-10.077375	6.8049135
-12.600042	-1.7276624
-15.76683	-14.550705
17.40964	6.918698
17.904675	4.836655
13.363613	-1.14792
5.864113	3.1583881
-8.874827	-4.2217555
-23.19049	13.332621
-10.389243	-9.25919
0.058775738	-1.7796046
6.3897476	3.9272063
4.407322	2.1648846
-12.411364	-13.164459
15.190562	-10.573391
7.7236934	0.8310912
19.018812	-12.475744
19.462708	10.291046
0.7256677	5.0081496
-19.30761	-1.5976903
-5.3173857	-10.145372
-8.595178	-15.086917
17.737795	-12.811051
17.670149	-1.2223655
3.0507486	-13.538397
-2.834214	10.201313
-9.106252	10.403073
9.163272	19.074697
2.7228222	7.145361
-11.91004	6.2601542
11.505525	15.089085
-5.5370083	15.476471
-3.3547266	6.6436753
13.78108	-9.046817
9.55767	16.543821
16.37532	6.878828
-2.2513762	-15.34692
-15.933786	8.915384
-5.3653283	-18.416727
12.896029	10.254075
9.824966	7.813217
3.7352362	-3.262747
-10.871876	9.241556
-7.783038	20.466913
10.999575	-10.30914
22.235357	3.4338565
3.9336872	-9.896897
-23.231356	-13.107716
-5.4129243	-13.442395
-23.177063	-12.545584
-25.279749	13.170427
0.19014855	-1.0663128
-2.7868829	-16.680891
-17.236937	-7.6691623
-21.301176	-2.0598788
-10.229029	2.4427118
-8.996361	18.105207
-2.0937932	-12.6082945
9.525326	-8.028768
-8.26072	15.843179
16.67421	-3.4749746
9.856934	17.824469
-1.8855318	-10.964574
-10.941796	10.284682
5.985585	-1.4620054
13.9106245	13.178462
14.747568	-0.5580876
7.1957197	17.263851
1.9206027	-3.021029
18.895044	6.1810856
3.2696986	-14.16919
-11.682263	-8.518444
1.2048931	-16.099077
4.1438084	0.619301
0.4611777	-10.771578
-2.315982	-8.110245
-17.227276	9.179342
-13.615116	-6.370904
-2.2022014	-2.4809258
-3.0596354	17.463757
17.897999	-9.471744
-18.373291	11.1396475
18.375006	-16.739813
-18.250095	-1.0549535
-18.457893	0.47240216
-14.347675	15.436407
5.108109	-6.75279
-18.952612	4.71409
-15.658811	-1.6564093
-7.834754	-19.918287
14.153232	-18.630217
7.0093875	-5.730603
-14.249194	7.9128327
-6.294026	2.829188
10.979055	-1.0774326
-7.19157	8.207739
-7.1279793	-9.436102
-15.033606	2.7900555
7.923916	7.2443295
10.606998	10.1709175
16.15575	10.667394
6.3481393	-12.222269
-20.087217	1.2310963
1.6972746	-21.641891
4.208738	-7.4497285
0.22136572	-2.241867
10.519087	15.69913
-7.787105	-1.5455847
15.074665	11.177572
18.39172	9.800332
-16.97174	6.7694106
15.570331	-16.986158
-18.763203	-6.072581
-22.623802	11.781854
-13.292447	-1.5007002
4.812685	-18.754345
2.6132386	13.837164
7.288494	-22.887901
3.7166958	-18.502884
-9.216188	8.52442
-24.162853	14.286861
0.87667847	19.151058
-11.257022	12.304888
-22.92432	14.602497
0.66923815	0.8376272
-19.33348	14.502267
12.125236	-18.553782
-1.0825317	-11.018259
5.34014	-10.299982
16.144917	-2.5257797
-20.368698	7.4998794
-18.477797	-2.8268366
7.2322855	-4.5686455
0.50957155	-19.559847
0.1909726	7.045741
-7.127781	-21.446283
-10.671046	17.541506
12.952065	-8.836612
-15.293157	5.9220905
6.298252	-18.75471
-6.120256	5.092052
-14.959089	14.684985
-9.994273	21.122583
-4.25191	20.693598
-21.69339	0.6102469
-0.29036263	14.093235
8.856806	11.848231
0.3005119	3.9875786
-7.9599853	-11.345171
-21.068584	-0.03340116
-14.471236	-12.336978
-20.349983	8.059972
-15.063663	10.50321
6.3552575	2.5085394
12.92539	2.909918
-0.6797546	12.74778
6.038337	-1.4314585
-1.2938792	-3.8229349
15.636894	-10.777061
-11.379706	11.549044
-0.5696307	8.843264
0.7500487	22.284302
7.261853	-8.649328
5.991824	9.040351
17.35608	-7.0634065
-4.5168567	-22.892952
11.902399	-2.5273252
6.748604	-12.8661175
3.8588216	-19.871353
-5.756109	-1.1089762
-3.2874196	10.351402
-6.936382	10.5818
-3.0384734	-17.23875
-15.5465145	11.942147
-4.744003	2.1885035
0.13798903	15.75345
-3.2738926	-20.509422
16.74808	-5.8541427
5.656027	-20.607927
9.450968	-3.0943527
12.988011	4.856358
7.8938646	14.9096575
8.465688	6.6977644
18.582844	-13.049103
-3.9068518	20.197823
-19.71402	-3.3812175
-5.663513	-10.847349
16.956833	-15.718555
5.308616	-5.6138697
-6.7402587	9.597063
4.650753	3.9981189
-4.62975	-19.85463
-9.421718	-0.9616484
-5.1094737	-5.6065865
-8.494597	19.293362
3.551284	-5.593382
17.716953	-2.797746
17.138458	-0.81864405
10.628438	18.467804
-11.946718	-14.2651615
7.861338	-9.294565
-0.98330647	-13.917417
-7.053231	-1.6299366
-19.14917	0.5269691
3.6694207	18.299675
-6.998081	13.972257
-23.930902	14.7548275
-9.467529	17.32125
-9.4050455	-5.0608225
14.061476	-10.788736
-15.480411	-15.115448
-6.120188	5.1426854
-10.852987	6.4874363
12.01822	4.194089
-3.8951373	-1.709987
7.137345	2.5062418
-11.125753	1.112707
-5.7020965	-3.300976
3.7499375	9.078985
-6.2301764	-22.499344
-1.6761107	-4.3896046
4.001371	3.1084213
-6.0374007	-16.27038
-11.360155	3.2610164
-7.630064	-0.61583847
-6.862445	-16.105371
-22.821924	10.720952
-3.0420208	12.88565
3.3745947	-9.409993
0.5687018	-6.3720036
-3.6638508	-9.934626
12.9818945	-4.554792
18.785448	-6.121032
-5.853759	-19.98609
2.1848006	21.307419
-21.544481	3.5392935
16.816366	-16.123642
14.39992	-12.800968
-23.03116	-11.803302
-22.826403	-13.155388
21.357546	3.7699957
1.4122031	2.3695078
-3.0437093	15.811746
-13.878407	10.563773
1.9446232	-20.558979
5.842085	-3.7971916
5.3508844	-19.567932
-20.661188	15.978345
5.751522	-6.695068
-17.254522	-5.0851464
22.007042	4.565908
3.1045873	5.7692137
-12.595524	18.858845
-16.292044	-11.075359
17.852509	-3.4236712
-20.288698	14.741965
3.1922266	-1.3333565
-1.0303288	-15.73992
-10.1071415	16.44123
17.015478	-10.775096
0.20743075	-9.034456
-18.26009	14.288334
-19.913706	-0.5349873
3.352946	20.87594
1.3941401	21.87934
0.4113398	-13.634927
-4.1191196	16.429611
-3.5448022	4.909739
6.321205	1.0416346
-12.413504	-10.3747
-7.763816	-12.311562
-9.884696	-15.486977
-6.056857	11.768544
-17.087788	1.9689701
-9.339364	1.9052802
-16.247557	13.210008
-2.7045534	-13.499052
-12.450883	-5.3623013
-9.492714	19.578943
3.9220984	-0.9954525
-23.924417	12.933036
-1.4559364	5.19133
-6.069693	0.87217927
10.211875	21.406462
4.8720927	-9.376717
9.064711	8.091718
-25.047134	10.735064
-6.4376993	-8.265815
13.69252	13.879225
-19.082626	-3.0475607
11.098611	-0.22889858
-14.967155	-9.890303
-15.651816	-10.2979965
14.490188	-6.7431645
-10.7793	-17.319094
-9.24446	3.755765
-12.337102	-4.9277706
-14.718938	8.978494
-13.3981905	-19.346039
13.6966095	-0.6649549
-19.377163	-4.6195064
14.220448	7.533871
-6.0660214	18.739347
6.329378	-4.1690154
14.30981	14.012874
15.580045	-19.172596
20.530354	-10.334097
13.876393	11.543634
-3.2759242	-2.2360017
-14.976297	-4.408941
0.9239054	11.246307
18.370623	0.12999648
0.5779708	-21.009499
13.732342	-13.707259
-12.196369	-18.220823
5.249699	-11.3399515
-1.7441902	15.344216
3.7204878	12.928312
-10.544114	-9.864826
5.114421	17.074598
19.723629	10.6137905
-8.508199	-4.49998
2.3961556	-7.6518335
20.265114	-11.335927
-3.6659625	16.314993
-8.723062	7.1183953
-25.379196	12.421726
15.595072	13.931602
-7.464296	11.313507
12.598892	-14.403475
0.9652709	-16.568132
9.425151	-2.1421788
-21.577219	-10.008349
0.9659316	-5.894435
-5.0664544	-6.651177
14.153107	-7.6033955
