-9.214429	-42.504196
-10.267847	-23.973648
36.95982	6.2579355
-41.698116	12.906738
22.534796	-24.875797
25.303267	-4.19621
3.5289853	37.008717
26.938805	-7.425579
10.443301	27.434496
13.180777	-14.511421
-20.144232	-38.44513
27.223444	23.795856
-8.847369	-33.11145
-15.511775	-14.38914
24.122828	-3.3247025
19.617744	-44.772278
39.782528	-12.0276165
-46.100365	1.1309394
-20.52041	23.42519
-47.2268	0.6593855
-21.70338	14.043567
22.09202	-19.81887
1.2267376	2.633146
20.925327	-24.167377
-4.4503527	-31.573725
5.770681	-46.720337
-28.011997	36.916492
-1.5501194	2.155475
-15.049071	34.510754
-14.0010605	-49.92799
-2.4476528	-31.815653
6.8793597	-6.7288384
34.407673	10.343609
9.441751	-41.42543
30.000185	-7.737131
33.19321	19.691647
-5.4414144	-13.290668
-15.127409	-42.134468
1.2192749	-46.23615
26.493877	-21.078074
-36.022835	-7.2446394
31.22068	17.881994
-0.167913	-46.73185
-18.818312	-51.801044
-8.84043	-5.2975264
2.8179808	31.611267
-28.333227	-7.00704
43.53358	12.27338
-32.213028	-13.330975
-2.1259649	-12.736005
-1.1594814	11.495764
-46.500816	-3.2397594
-18.375385	23.74945
11.942547	7.520822
44.795567	10.462099
35.110653	27.798985
46.212734	9.962984
-2.5802913	-40.75015
-16.371168	-51.66153
31.140049	13.82453
-20.991882	13.109301
35.758976	-29.231312
-11.468255	13.943353
14.382484	32.86728
-4.6564245	-15.58278
-15.122583	-12.308513
-18.089056	4.0358634
-3.6323993	-31.462458
-49.30971	-5.3050203
2.5662813	-10.097999
35.87814	-25.442339
13.367711	34.020603
-17.356762	-16.950386
21.994944	16.747318
37.545475	-12.000879
-11.399497	28.386528
21.268072	-25.043982
-2.342581	4.6137853
7.425935	-0.92413485
-12.576711	7.615694
-7.702561	27.805655
-7.0012813	-43.45863
12.368012	21.30975
-11.053572	30.006258
23.866905	15.931547
17.472483	14.770218
-0.3665129	11.159587
-23.837667	36.539787
-23.718191	10.769863
-5.6176386	19.239145
-50.109142	-3.8436713
35.932346	-24.374208
17.412697	-8.847746
-14.19841	31.215729
-21.817436	39.614628
9.408455	15.71009
3.999533	38.23267
4.529013	-34.540974
24.458542	2.5477242
-15.784121	-3.9364693
-5.282326	-4.946023
24.823837	0.9742439
-44.73692	11.471364
-28.342226	35.47845
-52.31562	12.647831
6.5624056	-34.006195
-22.28107	-2.90352
14.992461	-2.9612548
-8.758677	7.7659883
42.517776	18.19329
48.533127	10.753216
-17.181591	8.733516
-21.567066	-14.358842
-19.169188	-38.669434
-24.375814	5.500279
-37.294804	2.2709064
37.119267	32.38102
5.960889	40.93515
-1.2209705	-46.446537
-46.73116	-1.5417864
-8.947454	20.260801
3.3595173	5.8216453
2.7047405	-5.6216717
-6.9585357	22.20541
-47.677082	10.371273
-13.386109	17.273642
31.268597	11.614758
-8.703449	-45.372524
-31.680372	36.69127
-17.657572	39.16474
1.7954599	30.879078
11.1384735	-13.821935
47.95837	17.809895
33.52294	32.643257
29.34351	12.275023
3.1725674	35.69969
0.99240124	29.089901
-19.04302	-40.658386
18.729097	1.4169478
4.949936	30.159939
-32.532402	1.5563903
8.9152	24.116426
-15.79491	15.489374
-1.7147624	-11.129724
-14.117856	-43.918056
29.034267	17.952854
-36.502964	3.4092746
-26.702253	20.201101
8.186495	-16.51351
9.283066	16.431324
-29.09091	19.508196
37.140766	-24.927958
-31.781649	16.998768
-6.7302437	20.472742
43.387756	19.887617
-6.980568	11.424947
49.32168	8.598034
-29.818789	-2.9165356
25.193462	-2.516512
5.519475	-33.595028
7.9431148	-1.461435
39.364983	-3.3187788
-8.851143	-24.758297
12.52602	8.402684
-26.661343	-7.730464
22.358185	11.288186
28.916029	29.951435
3.1094308	-25.040134
-23.111998	-11.396548
-23.144869	36.93676
2.4170601	-35.008457
-10.338277	3.1813705
-16.298914	-1.7168818
12.159062	25.256533
49.011597	9.589174
-9.669339	-5.8402987
1.299179	-16.032797
5.7296653	-6.7359576
-3.5818498	-4.4926014
-16.209024	-38.596733
-18.541424	-27.394037
-8.925072	27.648329
-10.413058	13.175721
-32.60214	24.37944
-20.604456	16.429886
36.57335	-26.432919
-18.466774	31.93076
-38.046295	-6.784482
-33.607456	-6.434629
-0.6144496	-51.419724
-31.700201	15.322174
-23.202986	5.694832
-16.394632	32.346844
-30.88932	37.654152
30.644533	-8.291895
39.751156	-2.0378132
-0.84018207	-2.8365552
16.458242	15.010267
-43.59286	-1.7451183
-12.988985	-48.988728
-8.374128	-25.45125
-36.539146	1.5173607
-42.560997	-1.8291583
-16.508389	7.398039
-15.374302	32.34286
33.487537	9.332438
36.508827	-11.722127
1.1922352	-11.098274
-2.5652707	-16.138931
35.70522	31.677504
17.498636	-7.835472
-16.719088	-18.693142
9.2140665	-15.355195
10.724374	-22.305176
-15.463689	-38.839687
11.381723	-11.762446
-13.543415	1.4213041
32.78439	31.437891
28.590618	5.874217
-39.368065	-6.378611
26.34458	-6.0291996
34.57007	-12.008809
-9.554219	5.85223
44.10486	16.256952
-6.838442	-30.21171
9.151739	-22.331873
-3.9940567	-13.510642
13.428656	-16.244698
6.8681383	-26.826147
-12.771058	0.15356117
34.799057	37.189857
-31.100433	-12.507274
-2.5119915	-35.192844
7.2311373	27.716043
12.515052	28.487377
36.003944	-28.407515
3.2534542	-11.005124
-4.533756	-42.231544
-7.4920793	-12.671897
34.150826	40.009224
-5.0297594	-6.351841
29.858995	4.8634987
21.903292	9.042906
-46.337616	3.6541483
12.868471	6.976553
8.580043	-34.008095
5.1706667	31.991348
8.164178	-42.990074
-14.28143	-11.053068
46.05696	18.269056
-10.508224	-45.273952
-43.508476	-2.911942
15.737876	-4.8927646
-25.05386	14.877903
-32.52205	35.76203
-4.8670855	-14.5150175
-29.980942	4.7694936
23.474846	14.931416
4.4276924	5.1676426
-6.5745044	-29.028996
3.920997	-7.256179
-24.854301	0.08265454
-2.8868048	-21.883425
15.424322	-2.0029063
33.359356	35.53824
33.027317	34.56691
-51.374973	10.070435
-45.398533	-0.17313002
4.9204617	17.54109
1.9019244	-0.042420425
10.711269	25.862629
-20.610987	-19.881014
33.717987	0.106027514
-8.873341	-14.165856
22.525879	13.037439
-17.174305	40.179253
40.876163	-1.8959314
0.75511265	31.632711
-6.6625724	-34.324184
36.877834	28.653206
-29.837923	-8.472553
20.41791	-11.59574
-33.474037	4.860412
-27.919281	37.97858
4.5897026	39.569607
-20.500303	-15.367111
24.925774	16.461527
-9.692594	4.092039
-27.12666	5.273616
2.0148063	-25.41723
-30.179552	32.999954
-0.44834584	-24.195507
21.601946	6.6562843
20.76882	-44.35172
7.9393444	17.727837
-27.462576	19.291618
2.8047948	-17.22312
34.447903	-0.57371336
41.13617	5.9729853
1.3339483	1.4823112
15.92199	-13.919633
-25.458014	16.158003
24.59429	4.3835735
-31.852718	2.5336733
-11.935827	-47.451828
43.621647	17.879045
10.226535	-35.648087
-32.52887	3.7320967
25.480171	-7.4912148
-0.32896683	-15.148338
-10.262654	27.491335
18.05464	-45.10521
16.113234	-5.9242783
-21.685713	16.15264
-17.815971	-8.121044
9.207684	-23.158836
11.2069235	-39.710102
-15.425331	-50.951912
-1.3913977	-23.247969
-14.722776	-21.56825
-20.109894	15.2534
-27.320108	16.998669
47.93078	15.580764
29.696407	17.516674
-17.938482	17.605007
16.370716	32.02513
-29.57267	-13.8418045
-0.46555123	-13.852093
-28.330439	5.33051
-30.475702	14.889053
28.978214	-21.206642
-19.88957	-19.277433
12.567708	-38.575947
18.364683	2.1459827
21.146824	17.501112
35.01299	32.89997
-51.828926	13.36445
-3.6090975	-28.484053
34.35233	39.005913
-17.579264	-6.5307207
-14.632502	-40.761528
-32.448112	25.697277
-8.203263	4.825751
-6.496398	-28.000805
-15.931158	-19.908443
-17.316326	-5.6386795
24.532135	25.178898
-42.84371	10.686051
4.6708407	-46.59823
13.313197	-21.691008
42.86731	21.782299
-15.642254	-1.4268384
4.5148096	-20.29646
-50.941013	12.1016
-48.89236	-7.110429
-21.786215	-15.97547
-30.476477	30.360783
5.5132017	-25.721985
11.529062	-37.742336
-21.889269	-13.064313
18.791956	-45.947315
21.536472	-11.63821
31.073965	31.032295
21.123318	-19.88268
-22.162874	38.211643
3.5107365	19.783264
-0.48410317	2.9182858
-12.758547	-21.837843
16.130186	30.735363
6.759022	18.006884
23.24919	6.0152907
28.161089	-6.3832684
3.5588167	-47.08373
39.796562	-4.1893263
-25.778349	35.148876
-45.99369	10.812141
-18.362915	-28.02632
30.116484	6.977608
-15.026941	15.6622715
-0.9516436	-35.299576
32.258846	18.277859
-11.790284	3.2417812
25.424603	24.969748
21.551826	7.964616
-48.22721	-6.2184043
39.524033	5.234158
-3.6979837	-10.434309
-24.807379	-1.9558506
-28.808002	-5.967672
17.798021	32.67581
-6.0539317	11.6600895
-29.820402	-9.476211
3.4803545	34.716816
27.456802	25.461449
32.790684	1.5301172
-6.1444	-5.4083767
-18.035055	8.604182
-4.5614824	-3.4236207
-42.801136	12.05897
36.329933	-10.673846
25.63512	23.070448
-17.040005	-14.317319
-2.113676	-28.490501
37.464684	34.693657
47.064888	15.759908
3.3436875	4.7102785
3.0654416	-48.458214
-2.169582	11.909832
33.23393	-14.935684
-15.720603	8.152838
-16.45125	40.98019
-8.094698	21.67143
-24.755575	22.243126
-6.282846	-14.700499
-7.430218	-33.270676
33.40441	12.891608
33.30034	8.1389
-28.563042	-0.99186444
39.91266	17.888285
-17.052723	-42.002876
-34.60919	-6.837112
27.815239	28.466494
22.11234	-18.452797
-5.9324207	-43.171425
-7.0197787	-16.482517
-10.624283	-43.019203
-19.662058	-52.00469
13.444345	21.97651
3.6464913	32.564636
-18.63381	-37.53029
7.1982145	23.861187
-1.0178052	-50.834354
-34.65058	1.7525051
9.555783	22.511576
-21.500463	23.203285
-33.661858	-15.081758
27.713444	12.19349
7.1888084	-46.84875
27.677223	-21.42519
12.579719	-34.778713
-1.2980825	-3.7018452
21.26595	14.156705
34.458523	13.01346
-19.557354	2.8206563
-0.9881956	-28.717962
11.642485	-36.482304
-32.048237	27.322351
-25.583174	13.373823
-9.816306	12.162009
-30.057037	31.724562
50.43013	9.718049
25.78241	5.43373
-31.042551	29.3377
4.5236607	-19.241335
14.631072	-14.286575
37.802887	6.0885277
37.06072	26.816795
-50.20313	11.058772
-20.315578	-52.9285
-24.448309	-1.2018089
