-9.671448	-15.174847
3.5683858	15.397472
-28.181839	-8.723179
-4.896184	14.6986885
-18.318851	4.262052
2.744891	16.603443
4.654029	-3.2444208
4.8320804	-17.172853
-8.1566515	10.853235
-2.154123	18.874798
-17.740818	10.535607
-12.784801	10.328102
-3.352116	-17.452837
4.0857067	-18.018759
14.410087	7.8748
10.955677	9.838209
-2.538823	15.388073
12.706449	7.5913944
-19.14898	3.4259837
-4.454298	-15.937243
-15.266005	14.893009
3.641022	6.3874803
-16.048538	13.781064
11.652686	8.5223675
-0.28680134	-10.38692
-6.346473	-7.8707504
10.248068	-10.659531
-1.6314635	-10.363306
-30.783325	-3.867292
-0.517812	-16.718676
-1.2002517	15.235233
2.6585717	-12.872214
5.2337656	-8.480527
-8.404306	13.15936
9.529485	-8.786264
-0.85596174	19.733816
14.309658	-13.848905
9.213678	-3.3644824
-0.13008843	-9.780747
-12.48091	16.360136
1.922589	8.199325
-10.130474	10.824744
-8.967713	-16.091137
13.000822	4.376681
-4.4958057	-18.425856
7.8497553	-13.775222
-0.67531043	-17.543098
1.4629116	7.4670978
-4.7176867	-11.458804
4.2004523	-16.810541
5.532981	16.460432
-32.138058	-6.4513435
-10.308335	-13.334895
-7.1076574	13.738831
-3.8012195	-11.388437
-4.6429963	19.581419
0.044011198	19.788446
-4.6015267	11.491835
-17.064041	10.295356
4.358523	-13.903162
-15.104761	12.8179455
-27.999737	-4.1774583
-4.1721964	-16.951262
3.4796271	-19.910107
10.495951	-2.990292
4.5246243	6.9384174
6.8508844	-4.8268285
-13.370774	11.080355
15.378063	-9.648459
-0.1880719	-19.074663
-12.015982	13.205966
-18.32938	8.006257
3.3869958	17.351635
-19.583942	8.240673
-11.923086	-4.486182
-9.00537	11.88272
-3.5574956	10.968162
7.3227587	14.397959
12.745611	11.591659
10.169731	-9.812254
10.673999	-11.769449
9.156133	-9.848122
16.201038	-4.247304
7.5302753	-14.593816
8.8483095	-10.454304
3.5463371	-13.225026
-0.4302449	17.454912
6.3416524	-5.1656094
18.655521	-11.251226
-5.8297625	-19.546381
-32.562225	-4.280576
10.353839	15.171555
11.300744	-13.576685
2.612817	-14.143475
15.972714	0.54451156
6.040001	8.430379
2.5169907	7.767988
-20.57113	-0.49036875
6.2281513	15.299504
10.1349125	-14.305481
5.716882	-14.2212515
4.4634714	7.952309
7.454881	-4.3315086
4.6745415	13.312701
-17.514133	7.321927
9.640852	-8.313323
-1.0534725	-2.9119375
-18.397978	14.487807
-0.6803172	-1.1492168
-18.323812	13.25712
-12.426891	15.229535
-19.585743	1.1614004
-1.0897915	-0.3142428
6.4750385	-3.1286266
-4.8280835	13.298569
-31.457	-4.9218583
-11.211253	-9.836458
6.1780977	17.593945
-1.5236391	-1.7543354
2.4351864	17.30454
-1.5417386	-18.41155
1.7450873	-19.782486
-16.395283	10.7298
-27.330568	-10.326011
-27.020857	-6.987009
15.146788	-11.135839
9.83783	10.455337
10.0039	16.705761
3.9338386	-19.355686
-7.186996	-15.410573
5.8268166	14.934838
-6.5847	-9.10543
-9.877466	-14.589195
7.298924	-1.5765609
-2.395425	12.067359
-13.430691	16.236946
-5.3108625	19.977419
9.723314	-10.861704
-10.4063225	9.284819
13.02067	-14.163727
-2.0715287	14.539193
15.243853	-4.4205785
2.7207794	-5.860966
7.2122526	-0.47665662
-0.6885048	-0.70780045
12.614096	-9.941286
-8.027991	14.00473
1.3825822	8.632116
-2.6500072	-18.437954
-11.762494	15.383387
7.098187	10.403914
-10.882613	16.089231
7.855004	-9.95762
-14.716607	12.07287
-7.515059	-17.097452
-10.349301	-10.537549
15.084205	3.6679754
-19.30319	7.1331897
-5.7746067	-18.453722
10.66819	6.7407837
6.40201	-11.904082
-12.51376	11.943162
15.21184	-5.5750437
-27.741701	-9.539159
16.111578	-5.7599072
6.8831444	18.228071
0.10444383	-5.6476927
14.603235	-5.011418
-0.9210982	-11.470789
5.0838165	6.2937155
3.936762	16.13129
-19.250889	4.200727
-27.104351	-4.981517
-17.741632	6.288201
13.380033	5.135884
-3.1970112	12.048184
-1.8861955	13.683857
6.217668	-0.86737484
-4.7317905	-19.042767
-29.393461	-5.912628
-10.732377	-10.997643
-1.7449116	-11.304569
-26.260098	-6.2206836
3.4855418	-14.471657
-10.821969	17.202557
-6.4466047	-18.31228
-0.77970654	-8.706612
8.010068	-2.5351179
15.332403	2.2318377
15.043103	-12.851529
-6.347495	13.055624
-1.3100213	17.694519
17.1238	4.4835887
-27.529078	-6.4184985
15.859281	-4.812943
4.940693	8.793463
5.280729	7.757094
13.954925	11.674013
14.3690405	-10.691118
4.7460246	-13.139513
15.469111	-2.1583283
-3.5618858	-12.397994
-7.0786867	-8.4251995
13.1878395	1.1342924
12.195951	12.952306
-11.082429	-5.4407015
14.942499	1.8214012
-28.854149	-6.7738075
-29.511477	-6.5686064
14.893582	-6.7424645
10.361103	-16.68399
4.6198106	15.854614
-9.820933	-12.662918
-14.516349	16.277554
7.153476	13.115143
-13.057403	17.614391
-17.898464	14.138187
-29.811626	-7.0723763
5.812547	-3.8798995
-26.350805	-6.9475403
1.5522991	-16.2416
7.315577	-13.3646555
5.800377	13.769548
12.599242	9.794346
-9.460736	13.011481
6.870094	16.29215
17.732143	5.269856
-11.186668	-7.562278
-7.377024	-20.260464
-19.133556	0.71682394
-20.3526	1.5703713
-8.237667	-6.541373
-8.432668	-14.775239
-27.279644	-5.6443076
-33.104885	-5.150461
4.508498	5.704227
-18.580534	7.5511694
-3.7781818	15.485408
2.3099914	-19.591719
-2.861667	18.545887
14.630573	10.611943
-10.160074	-6.934253
9.694141	1.9356099
-12.045318	-6.2666545
3.3312418	-6.9622874
14.513841	-12.539233
-13.068876	15.555214
-17.319006	5.606261
14.001304	-1.324162
5.4746175	-16.110321
15.630245	5.6825686
-1.977768	-0.64261127
11.410865	12.760127
-14.077996	11.933344
-2.2828815	-17.782797
10.41297	-15.538505
8.470623	17.615932
8.32898	16.087051
-15.454648	11.94557
12.649009	10.642727
13.776437	1.8060526
-1.508452	2.1008909
-2.4735456	-12.149382
10.593851	11.340662
-1.5213927	1.4700415
10.087854	3.8066435
-8.450082	14.730379
6.7719035	-15.216364
11.068075	10.997625
-5.5362487	11.75236
0.7531422	-17.46302
-29.048227	-8.411304
-0.015289455	-14.758863
-0.44612873	-3.7949228
-10.530553	-7.7708197
-29.924795	-4.8596106
12.046795	2.5991817
15.740069	-3.2396257
10.670074	3.5221624
6.052456	9.873314
15.059931	4.3893933
13.880737	6.891993
-18.19408	6.970138
9.081975	-11.611346
-2.7138305	10.4978285
-20.182	-0.018196966
15.582648	-0.21948001
18.705484	-10.965502
-11.923076	-5.1872654
-16.122087	11.659003
5.768708	8.899155
9.376054	15.048374
7.860453	10.845264
-32.24891	-5.7000813
14.781937	-11.729098
-15.114938	9.822775
-20.794935	1.2603127
-13.413754	14.940959
-7.9482126	-8.712886
-27.915949	-7.8913875
2.301481	6.252514
-12.078046	12.634649
-4.460957	-17.673246
19.543482	-12.07947
-6.627165	-17.506021
-31.634508	-7.1929765
16.27498	3.4117732
-9.713469	-5.9406204
-18.99984	6.541135
12.64209	-11.125545
8.440558	-12.552161
8.535093	-7.4099927
10.58533	16.214884
-3.6630182	18.282667
9.501412	8.768104
12.068241	-13.985484
-7.941379	-14.95314
14.509592	3.2135644
10.930911	-2.900248
-16.954573	14.870256
-17.664663	9.406418
-19.380194	8.708144
-11.72767	18.219511
0.066599146	-0.41974437
-14.763217	14.293042
0.0430512	-13.62599
-11.142423	10.496085
-30.026676	-5.6328626
3.8148355	-7.2913566
-8.389979	-11.197386
-18.462069	3.4901946
0.30526692	-18.616125
-0.9964717	-10.799461
-30.831657	-4.869735
-2.6342642	14.440446
4.9244323	9.493272
-10.502353	15.44318
-31.620333	-4.2814927
-1.5984669	-6.077916
11.854264	5.4886217
15.795149	-12.80899
-31.197289	-5.928325
-15.25819	10.987501
-13.001619	13.771914
-2.3666089	16.413158
10.081265	2.3053558
-28.523436	-7.983012
-0.4861848	-6.2813134
-10.008306	-5.027103
7.0074434	14.795415
-12.7994995	18.399525
4.531177	12.256965
7.4436903	9.305685
-13.993659	14.163618
-12.869961	-5.5602765
-19.94253	6.0571165
14.891993	6.655585
-0.70699114	-5.5531955
-4.1094093	20.933588
4.8543906	18.064808
-2.1067312	11.402773
-1.2615539	16.725101
-19.090448	4.8775396
-5.366181	-12.263976
2.0950751	8.934764
0.31280515	-17.072678
-3.9873395	-15.031286
-7.6821637	-13.94571
3.38984	18.39055
-14.446237	15.229818
-6.7606573	-11.010842
11.368411	7.4624076
-9.521093	-6.763051
5.6044507	-13.344022
-30.594471	-6.0108614
-19.15762	2.055684
4.5037127	15.0914545
14.145106	-4.2587395
-3.0697253	13.607462
3.3662863	-8.184135
-17.297503	8.673211
-30.578548	-7.894662
14.963059	0.33248606
-10.298827	16.406105
14.525639	-8.585221
-9.13017	11.063824
7.5406537	-5.27265
4.283209	17.667374
11.366144	-16.098112
2.2977786	-16.6161
-1.5932705	19.365845
-2.0161948	-2.5528052
-3.0487857	-16.108574
-6.102934	14.024848
9.182951	-14.710768
12.026427	11.082683
14.85407	-3.5474517
7.867251	-3.4534247
-2.726868	-1.9665896
4.5684023	16.84834
-5.327713	-17.190987
2.883422	-7.8483815
-1.2675216	-7.156546
11.308407	14.903229
-8.928629	13.664496
5.430986	-1.4576831
15.759929	3.2589753
6.8087	-16.517456
-2.378773	20.059729
11.176656	-14.678161
9.168176	5.9298716
0.69399565	18.222643
0.70820326	-19.166859
14.695437	-10.300958
10.544447	1.4928839
-10.813442	-6.0656238
6.918785	-2.5147555
-3.6463523	19.278652
-3.9844425	-19.304724
6.7939734	9.07565
5.512759	10.016691
8.174455	-1.394267
16.130121	4.9336452
-11.285791	-6.459147
10.599794	-13.914226
18.946146	-12.163217
-9.043602	-13.482378
-3.6016676	-18.448624
18.139639	-10.850309
13.815795	-3.6156597
-28.684042	-5.036534
16.090345	1.5506116
6.398138	-9.273815
7.5545278	-7.8479295
-10.4264145	10.361277
13.604063	3.6805768
-18.664799	13.8664
-2.038545	-17.281176
-0.21210112	18.325861
15.812301	4.257403
-10.108394	-11.685732
-18.579924	5.880352
3.08947	-17.886261
-29.595787	-7.7937126
12.528986	8.24084
0.04012701	-7.1101127
-6.937623	-20.571657
-1.9237688	15.406554
-8.699498	-10.126215
-5.0452375	-13.109018
-1.2641985	14.199208
13.760615	-11.726221
-4.7046156	-13.735504
-31.144821	-6.66421
-3.6855402	-2.3880281
11.854817	-12.557241
4.626625	-7.9090695
2.190952	-15.360446
1.5628011	-14.948179
-17.54642	11.977801
