-15.948969	-22.956236
14.389588	14.012576
20.933434	2.7682166
-16.118116	30.991781
7.43467	6.53109
-28.880196	10.846776
-21.121975	-3.3972561
22.865526	39.7776
-3.020915	11.549843
-7.2351403	16.69069
0.7967307	-1.7866583
3.4252172	6.62561
-47.094395	-25.762152
-42.95878	-43.29134
-33.36628	6.525153
-0.32487726	40.37917
23.57253	23.466364
23.600147	14.735568
-24.046448	-23.15898
17.284412	35.305626
-2.4674652	-6.5340605
37.009445	-0.11110134
1.6444813	1.8087982
-4.1715198	39.655876
-47.630424	-22.48105
13.715926	-17.043394
51.23938	-0.3976954
55.818466	5.5632586
9.466812	-36.97799
17.834997	32.752884
3.313465	-7.633065
27.444204	35.538837
-16.821365	42.11615
-16.105501	30.400745
-19.712687	-0.63553584
5.123298	-7.802181
-27.233143	-16.425623
-24.083477	-15.330911
-20.894348	-20.815725
1.4843973	6.157141
42.220108	-19.912819
18.8348	-16.26509
-22.748323	-22.9782
-27.526382	30.15644
21.861597	41.99056
-23.666828	2.513682
24.50531	33.904835
56.772533	2.2461016
-14.501783	-23.495996
30.860199	-5.8509197
-32.3832	8.382382
12.413865	-39.182728
19.028198	40.83964
41.349712	-20.894081
-42.8101	-37.3681
-6.0891376	16.083176
-5.279186	16.383068
41.98746	-21.544321
5.6468797	14.28202
-17.034065	40.838406
-39.919083	-30.43164
47.24238	3.164268
19.63461	34.606377
-43.66218	-40.245102
35.579105	-9.810402
-47.319885	-46.163975
-47.282887	-40.50812
-29.250547	3.056399
-21.399717	1.7109505
-19.94501	-22.718554
-33.667282	5.9308925
8.955782	4.3363476
-26.870378	9.251653
-7.577661	-24.485828
15.724052	-18.744677
12.911596	17.192526
-7.573237	35.54936
-53.741726	-19.81623
27.333801	14.480954
28.819948	28.192568
-39.21326	-41.542313
-19.247223	-18.455307
28.72256	22.468504
-23.817904	-10.669177
-19.73669	39.597126
-20.904993	-7.2993736
-28.466309	9.668481
13.893919	-18.093311
-48.247204	-32.39668
-46.473434	-27.616905
-48.3111	-35.617336
-22.868727	9.75551
24.341732	28.302969
19.499134	31.263956
31.972513	20.265476
39.32713	-9.599821
-5.653906	39.00005
-24.570063	-22.79923
2.32413	-9.94618
14.004162	26.841621
-26.972034	-15.599445
45.04025	-20.048502
34.030148	-10.26134
43.67895	-18.148966
-51.697567	-26.080719
34.50927	-8.520645
35.0877	-14.086486
4.558487	15.067425
39.81659	-10.620296
1.7963582	14.291646
-46.623066	-17.099646
7.7275486	14.064557
48.11087	1.3492364
-19.260132	-4.765687
40.51978	-19.91499
10.696043	-36.71971
47.83212	14.131017
-25.621136	10.987524
52.025196	5.5056286
-32.6882	9.249677
-46.618984	-24.511671
22.68875	27.96468
2.6599426	3.3271987
-47.427258	-42.70538
19.35293	-1.1257992
-49.481037	-31.459011
-12.352381	41.068474
35.946014	13.015217
-17.827961	-22.099983
-13.373875	-23.07235
-29.59342	8.358773
53.76936	4.262289
-44.892246	-21.036873
-28.72745	-1.2109348
39.22828	-2.6472282
-30.753645	5.0847034
-10.431056	14.363382
-41.91536	-41.94671
47.665855	9.2974205
-24.015152	3.7428913
-12.1953745	39.517796
-21.734478	-16.356554
48.39537	-2.8700707
38.399597	-10.147991
37.38069	0.54134667
-26.197521	-11.409411
-8.002467	39.25139
37.808147	-14.179478
19.07145	37.802597
-8.279738	34.364723
-53.174824	-22.136776
-30.828812	2.3149476
-17.750742	-15.171744
2.3039286	-4.8790717
-44.07895	-24.748325
3.1013544	33.815907
0.104289226	40.843735
-0.5014265	-6.419251
9.4743395	18.421768
43.965286	-11.290208
-19.24544	37.420242
16.800991	-17.53868
-20.16381	2.6690285
19.664886	0.05555499
30.85979	12.1609125
-2.4068346	16.127073
49.434002	2.4611545
31.367823	21.132727
30.612507	-10.9773655
44.972675	-19.108665
11.607304	15.796056
47.60321	16.56938
6.6381373	-34.237415
47.913704	17.356363
-51.506405	-41.194954
38.783283	-2.2270365
41.633472	-17.474937
46.72858	-0.23751624
-48.284534	-28.992819
14.236947	-36.172333
25.764944	39.89244
56.636997	7.7593713
-52.73407	-24.275955
24.767202	36.307697
-3.566296	-6.86024
-26.75353	-21.313627
55.592934	6.962116
0.9096739	42.747734
22.10774	13.522086
-49.04936	-22.027323
-7.130479	38.909035
-29.43484	9.631661
13.02015	14.481021
16.4644	-34.822456
-46.9878	-44.088707
43.057537	-19.26251
44.406937	-0.9689879
19.258318	13.866057
-21.944145	2.2800727
-14.939607	43.507122
-52.22597	-45.244495
-17.055668	44.386627
54.256554	5.2948747
33.317345	23.318419
-52.833866	-21.237055
-42.37268	-36.0802
-26.760912	30.994543
38.253593	-8.131137
14.9901495	-35.67917
-40.02319	-45.5297
14.894498	27.270706
-29.09435	12.7327175
-52.84921	-35.77713
1.3489612	0.78688943
-28.904991	7.1862717
7.025815	15.6774235
-34.452663	8.590482
15.780814	-36.25613
-19.155329	-13.344936
16.530212	-31.192526
29.607958	-10.967664
32.91404	-8.967102
23.782438	9.118205
27.809668	15.205331
-1.2674962	32.992496
25.155546	11.056276
53.51101	1.3912249
-7.0981703	-23.206186
12.994577	25.732868
7.82172	15.134995
-46.746624	-32.980034
14.456799	-15.878207
-47.097366	-26.750566
-51.40131	-23.942942
12.217122	-40.585617
44.916935	-1.7276851
8.052553	6.9965425
-40.709812	-32.798
-49.042404	-30.907873
4.3075657	-7.922166
28.048525	22.275587
-46.479076	-20.869236
30.411999	19.98442
5.1833014	24.40685
-38.95007	-40.791855
-42.036705	-45.747665
-5.156774	-3.8532696
-47.540627	-16.20369
-47.60708	-44.10586
-54.71139	-35.77329
-22.688063	7.748795
46.075237	-1.8015056
22.581762	8.047797
38.62221	-19.286179
18.242168	35.28835
-25.310583	-17.149391
-3.528753	17.328176
-24.47341	10.736869
1.2530541	-6.1991267
26.041014	14.239536
32.89441	20.067879
-13.540937	39.236767
-23.039234	-10.678545
-23.20516	11.397498
39.860207	-17.728891
-48.854897	-45.110268
24.215305	-15.4242525
20.945232	31.097563
18.881634	15.802253
36.763874	-14.052813
19.333483	32.30409
15.503481	-31.041145
18.231905	31.46529
54.615993	2.9662776
12.4010515	-18.235718
5.9092765	-33.97289
31.95611	18.731066
-24.85107	4.1186028
40.435078	-8.497052
40.057896	-14.059788
22.271019	14.043953
20.014797	14.385493
-3.0779576	-22.36728
28.123707	28.43802
-2.9260151	42.612526
-49.434414	-28.353914
22.01505	6.055406
21.883276	4.7308345
-2.921703	34.703514
-4.6786695	-5.530909
-11.730462	42.24081
25.992243	12.690284
33.400288	15.553082
13.23252	-39.179485
-39.66012	-44.462658
3.8086824	24.69621
-51.608826	-35.975056
-1.5955492	10.04488
-27.055353	-22.594122
-39.76175	-38.59154
-53.056805	-41.16554
-40.161716	-31.99802
19.00399	33.692883
22.243544	24.664234
-17.02129	-22.089838
9.731613	-39.2579
31.503979	12.850303
-13.700255	42.465214
3.196964	-4.373254
-22.795206	-17.580109
-19.648012	37.867443
-19.81061	-19.134104
-2.1253355	16.968868
-1.9094684	11.180798
-25.429842	6.265575
-38.799053	-43.152252
11.692635	-17.42874
-52.546177	-44.47857
34.40783	20.239666
4.5787215	10.710517
-3.8160737	-22.834333
-5.4034123	-6.467965
-31.598915	4.5967965
12.248451	-16.144068
2.1780808	6.117899
-20.701786	-6.039429
16.927895	-16.338375
18.607536	-0.30527467
-21.218037	-10.435248
16.135082	36.162712
-54.54916	-35.18126
25.61664	37.49317
54.827354	6.1763735
10.097009	-37.506298
-13.359232	41.30292
25.19984	-17.215847
0.6366331	-4.056711
-16.943727	-23.651558
55.208797	4.087969
-24.883982	6.40705
-27.15844	-10.181083
12.708702	-37.654926
5.8628407	3.7058253
1.472808	2.879054
-9.394612	15.70265
-21.312645	-2.4856
14.350401	-33.500378
48.390007	-1.9575831
14.892189	-17.478235
34.646015	13.784707
-47.97872	-17.484528
16.148184	-13.258056
10.310766	15.844772
-29.386007	2.0068357
4.993331	23.250872
-6.041229	-23.82312
23.923748	15.66409
-15.481899	40.527332
-31.439175	1.8972363
-30.199278	10.709417
-11.486814	40.054794
-48.30384	-39.474934
48.306446	16.537922
-22.602926	41.618916
39.97768	-3.8025806
14.808115	28.24776
21.671164	40.903103
15.216146	30.022427
-5.164594	-25.251593
0.44757816	14.332272
22.48585	37.022434
-52.299778	-46.240005
48.548317	10.341651
-17.573982	42.777817
13.779078	-37.15942
-51.646027	-25.066704
-6.734833	43.65296
-18.551592	-15.38172
24.660929	-16.205462
-45.040993	-37.63525
3.8866365	4.332623
-12.598292	44.54532
32.828625	21.524424
-8.78521	37.634335
-16.16256	1.3678805
-1.8327097	33.690258
35.316746	0.71120137
-31.087212	9.564154
-48.007664	-33.207397
-42.879932	-39.526634
16.182844	-12.656977
9.266868	13.940158
-18.602798	-0.2935976
-8.174837	36.482464
-25.638653	-12.02526
33.126442	13.912563
1.4785864	42.112667
34.00877	-11.219906
48.49095	9.724846
-32.347946	11.780975
-41.53717	-39.02838
-16.384089	43.785435
2.2162123	34.02308
-0.96225834	16.861914
-46.77254	-17.863325
35.65165	-13.353465
-24.800098	-2.9692028
-18.781603	-21.314442
6.70115	17.167603
22.275417	29.853685
43.863987	-16.501444
-6.7011952	42.857414
-43.03564	-41.624954
-21.95794	-17.941065
-1.0619732	42.308353
-7.954986	-23.421577
-16.693237	31.86152
2.491717	-8.857971
-44.541504	-24.18042
25.506107	10.1492
-29.416632	0.36522815
-0.8340919	43.250153
-27.274693	29.688744
-10.804183	-23.481216
-23.392694	-18.167603
13.725852	-40.757793
25.923248	39.07111
21.787699	26.955135
-49.837635	-21.96083
-50.22723	-40.8273
13.41252	-35.218853
-39.261906	-46.725876
50.713676	0.33302197
36.927948	-10.322128
-4.3584886	-4.515049
28.928492	16.599077
11.493893	24.4194
-45.506783	-39.014145
-9.40416	16.87644
21.90798	7.668117
18.354393	40.398834
6.832755	5.3480916
-13.913942	-24.488567
21.143803	1.613634
43.781895	-11.099532
52.54258	6.271437
8.583181	16.368984
-5.344249	37.476414
20.723934	41.999218
22.295454	36.449936
-12.115568	37.34795
-49.032013	-22.959822
16.619864	33.57853
-46.738842	-39.24431
-14.961634	39.11859
-16.506609	-15.365666
32.936535	-10.462148
-16.686039	0.9881234
18.327879	29.782879
-1.6515082	-6.138767
