-10.880766	-6.8964252
17.8457	-3.0388925
17.780537	-5.0344725
-5.2946525	-15.895278
-3.339282	-9.291639
2.3533056	-8.8396635
17.498465	11.08025
-3.8840015	10.490971
-16.551762	9.762932
10.072622	12.674295
-3.113801	-8.400937
1.6641192	-18.079092
-0.10300582	0.600243
16.896965	2.8119192
3.61479	-6.602966
-13.718544	-3.3262126
2.6266696	13.088588
-15.930611	-12.532657
-22.666697	-7.6799326
-15.712664	-12.033761
-11.450453	14.818306
6.931838	-12.703758
-1.7383412	9.8355055
-1.808414	7.96105
-2.474892	1.9972832
-8.839558	20.40283
-8.900781	-4.932992
4.4246955	9.284817
-11.614952	4.919995
-13.17919	-3.364972
-0.3604733	1.4614813
-11.107733	-5.3695307
-2.725871	5.4072475
-10.536166	18.741913
1.1382507	-10.431581
-2.8061132	11.174475
13.687228	5.7113266
-8.768971	0.78266925
-15.667422	-3.1247334
3.671342	-10.108786
-3.2317696	20.230164
4.1667495	-16.363077
-15.114452	2.4919612
-17.868124	-1.5132034
0.80122536	10.2736845
-2.0194175	17.782543
-22.282103	-9.844123
11.412354	-16.493856
-18.808315	2.1328166
15.588475	-0.5787841
-2.2460833	-11.637909
-8.689495	-13.487306
-15.922933	7.540108
7.733272	12.558984
12.151662	-14.602696
20.61706	5.364586
-18.58128	-7.997788
-1.2960764	-9.449021
-15.141179	-9.570101
2.404315	-13.538434
-20.95437	-9.910071
-2.1094596	-14.444453
-7.2866235	12.771394
17.825834	-0.15251459
13.567736	5.248575
19.53385	4.5753007
6.2246537	-6.604969
-0.36311603	1.3186952
-8.923653	-18.272047
10.932783	8.132491
0.76769096	-6.2421575
2.5958807	3.8899806
17.21829	10.203964
3.4148548	-13.5708065
0.8063214	15.449411
-1.3406395	-19.84165
-4.3946443	-12.675722
-6.248149	-13.3075285
6.255674	-9.9534025
-10.116818	12.805695
6.403586	-16.124212
-11.602598	1.1748418
1.5710841	5.312701
4.1450477	-20.215963
4.514817	-16.51746
-4.160093	-20.262491
-1.2161661	-11.459827
-10.199398	0.14564514
-19.948402	2.4521284
3.1284251	-1.2514352
-3.127859	17.313263
0.73255205	-7.582695
4.538616	17.823618
1.6204782	-21.206034
-0.9731469	6.354349
6.4485393	13.751176
9.984176	-0.8896051
-12.636622	-1.3862246
2.7539527	-7.9317822
18.290615	4.588203
12.353404	4.124274
-0.2715363	-13.554765
-11.673924	-19.195833
-13.904802	1.379616
-10.392823	-16.270206
-4.541164	15.2728195
18.461212	5.540068
14.686641	-16.271053
-4.781913	-19.810097
8.696038	-11.605557
13.032829	-15.126264
-19.896898	-6.7552967
-15.203985	7.7155538
-2.9802015	-7.195334
-11.551169	6.07431
-19.799524	1.208914
-8.411001	8.182443
20.15654	9.2424
-12.196925	-6.694912
-7.1960263	-0.37881726
-6.9337745	-1.1454982
-5.3693156	13.369079
6.1119614	-2.1568742
7.3377433	-3.13216
-8.554845	-13.9094305
-3.3923488	20.85128
-0.97439593	12.797159
-4.9184237	-2.6254127
-13.53283	2.3662465
-11.457328	4.1265798
-0.72281414	22.103447
9.32137	14.216518
10.306871	-11.173862
-4.9755597	-20.74086
4.7486167	-18.465288
-3.0614965	18.24689
-11.916437	-19.366705
-4.4471645	-7.760884
3.641215	-4.7759895
3.2033358	17.38311
-9.151791	18.664034
5.563112	6.4416614
-9.1303425	-8.294381
12.28347	5.4806433
1.5268455	-22.044811
4.8681545	-15.688317
-10.420565	17.325556
-18.543182	-11.892111
11.447541	-9.9470215
7.797157	5.9995627
-17.804232	-12.876578
1.1846544	-6.852809
-16.171026	-13.870924
5.1816616	-2.175578
0.23402004	6.5709596
-4.4029126	-13.459553
13.134393	-17.390282
-18.862394	5.869154
1.890026	-10.007531
2.5274034	-21.098259
3.0384479	-15.824496
16.795925	-0.070311636
4.8006635	-0.381594
10.838688	-6.2378283
-10.266811	14.370341
15.616873	11.807372
-14.075976	-15.297303
-5.3655796	3.4561794
-3.979854	21.368484
-10.791386	0.31901634
-10.526086	-0.68666035
-6.6816835	8.801366
16.801796	6.090935
-6.3498144	7.691418
12.806821	-16.76061
16.180681	-1.1282821
16.007376	-0.10859003
-6.943933	-1.4245547
1.4510075	10.129745
-7.0156736	-16.140991
-7.949736	-4.381012
-3.5090518	-14.606431
-11.418297	-11.267785
-19.480806	-0.25111562
-19.78092	-1.2459545
0.6709746	-5.4684033
-13.640262	-7.1380935
-14.603372	-16.108438
-0.21305774	19.128502
-7.7829704	-3.7696283
-13.315133	-5.462539
3.665422	-5.589805
-7.0820074	7.334415
-5.529178	-0.32773688
-6.7896385	11.445787
9.365177	9.192875
9.41828	-2.7823439
-9.215555	11.880057
-0.4507075	22.695656
-14.659343	-5.1067214
9.297252	1.7694272
-8.672434	16.815506
-13.607015	-16.913858
-11.189144	13.152562
-11.926893	-1.9519736
7.070919	-18.239628
-0.82830054	7.305896
12.986609	5.0927134
14.363917	1.1298356
-6.7895765	-12.214332
6.5553365	2.701838
18.47098	-2.5368147
16.985357	-5.029539
1.9572937	-1.8820457
-8.367496	-1.3494608
6.109239	18.851727
6.471787	-19.86373
-18.879705	-11.499485
1.1023269	3.3258266
-13.380553	-14.674425
8.785017	-18.168104
5.1295524	-17.34343
-7.174363	13.695495
4.125614	12.231429
0.9277799	0.3185235
1.3008873	15.446477
15.028575	2.8613596
13.847348	9.227255
4.1931105	-22.904476
20.8137	2.4653373
-14.506567	10.912477
-19.56673	4.2212005
-1.9060922	0.5853848
5.7851396	2.278006
15.275386	-10.562662
-0.16603354	-4.3298035
6.376287	14.129233
-12.398598	-1.8509231
1.3622899	11.676913
-16.543892	9.39052
0.074109145	10.371625
7.76206	11.665441
-6.324904	17.623112
-14.757087	-13.213247
10.684547	-16.197845
6.217128	-19.697428
-8.157364	-5.3444695
14.071469	-13.921456
20.369596	2.3604999
10.624327	-6.666143
-8.7732115	-0.40048122
-8.074207	-12.5168295
5.235958	14.313104
-20.408617	-4.9037995
-15.934856	-7.879749
13.107538	6.426963
13.695289	-16.04436
1.9035119	-14.087164
-2.528623	-6.5262723
2.1665995	0.2132728
6.021091	-1.0393304
-11.952461	13.190338
2.205197	-19.573742
2.9902334	5.4355245
-20.698929	-10.901868
-12.593961	11.166603
-8.105718	-16.66734
-19.566032	-2.2747946
17.191061	0.95557255
-3.2901843	13.380266
1.4817451	6.1874743
8.003207	-2.4388196
-3.0321865	-17.98974
17.261063	3.9586225
-0.7452964	11.2739315
-16.447243	-6.2459393
19.896551	6.5225687
-1.955435	20.908583
-4.2826185	2.4910653
1.9512044	9.228642
-0.036568895	20.179424
18.397518	-3.227073
7.58944	16.524454
-5.163427	-1.9581276
10.048755	-1.7032456
12.598027	10.219161
-7.653047	10.08213
-8.536391	10.84305
-11.881404	16.206835
-2.2826037	-0.89164734
-16.174883	3.5815403
3.5712047	-1.2310268
8.21242	6.9132757
-14.614549	-2.8107147
9.993887	10.628212
-17.385633	-10.996159
9.772891	1.6586668
-8.433453	-11.836443
7.4425607	13.732045
-1.669612	10.476126
4.737055	-23.207914
-17.848265	2.7722914
3.8371663	3.591876
7.89171	7.809169
-9.342512	0.09327705
1.8809525	-5.9630175
-5.926663	14.51863
-8.917048	17.94553
-8.658015	8.062567
11.241852	6.96104
-0.32185972	-18.714834
-7.2546277	3.6966195
5.502909	13.251637
-17.667444	-11.525815
17.519857	9.292989
0.3038532	-1.7503109
-8.260039	18.409039
-12.055924	-0.43886825
-6.434864	-5.5719967
16.99117	8.571099
-16.808897	-11.888618
-18.197344	-3.8152707
1.4985272	-4.6492424
6.325788	-10.831668
-4.0303698	15.817616
9.759087	-16.450167
1.1848068	20.177765
15.457616	1.4689415
-19.881844	-6.2044797
-14.449363	-6.8009777
9.873466	-14.614492
9.227007	-1.0526217
7.8550916	7.4458847
7.4580693	17.526978
-3.6108139	12.479362
-3.4866207	-19.412275
-11.450313	-18.096798
3.2662363	-0.25140274
-16.324804	8.27546
19.087992	9.899967
-2.772719	-2.4712212
-17.784618	1.6958562
-6.59313	-12.425361
1.306547	1.9757104
18.062515	-4.3778667
20.340212	9.200154
12.841665	0.8041009
-1.8609607	-17.980198
-9.50574	20.638489
3.0363777	-17.547024
5.475079	-7.594139
-5.958801	17.147696
13.991417	-10.29628
-10.595324	-15.8486595
-7.7550664	-17.45197
-6.0160985	20.062117
-17.416992	0.08945004
-0.8458963	-0.9480756
19.02315	7.1879377
19.277544	8.686618
-7.059555	3.0733628
3.1441078	15.694234
-5.850605	8.422133
13.830934	-9.626214
-10.423522	1.5996107
-18.417671	-8.929361
-3.8908205	14.3022585
13.181529	9.941271
8.928244	5.6532183
9.1542425	13.004351
5.597688	3.7553892
10.743219	-13.642822
-14.699204	1.526005
14.638505	12.0359125
-14.900634	-2.1084607
-11.705156	-14.295912
-5.330102	-1.2863857
1.774552	1.3832266
-13.367434	-17.403187
5.6511755	-23.540693
7.13372	-10.870988
1.062187	-12.310199
8.481671	-3.4560423
-8.067047	18.834986
0.9791813	-19.832287
5.1540875	5.0304327
14.565983	2.02642
-14.654325	11.912774
-22.219625	-8.720133
10.971151	-12.892666
-4.4099355	-9.095792
-20.52413	-9.768691
17.993088	11.518486
6.022344	-2.8958368
-5.168799	-19.098354
12.877733	3.4123275
-19.778595	-7.6043506
15.218205	-1.5878989
-6.8102303	-14.760706
-0.26326028	-13.343111
1.7672093	-16.779266
-6.326246	19.037886
8.436366	0.75635844
-8.724073	12.78582
12.498354	-14.152362
2.8157756	-18.413301
2.9666603	19.614252
-2.7738428	-11.665641
12.074121	-9.919909
-9.456195	13.729486
13.824707	-14.948892
2.90481	-21.268381
-16.271492	6.3945465
12.112496	6.6764708
-0.86363804	3.783629
-2.6733456	12.110562
2.8435006	14.468922
-21.870779	-4.928212
6.905269	-12.044875
-0.12150344	-20.433044
-1.9861915	19.918194
-4.4404917	-16.5026
5.764939	-14.876502
-8.160925	3.0175254
10.431945	9.231742
-3.7964015	-2.3385484
-18.36334	3.294012
7.8898115	16.201569
-8.150363	-5.8752203
-3.8108065	-7.6118917
-9.77035	19.796473
-1.754658	1.1590569
-22.584047	-6.899516
5.0200562	17.087917
-16.995157	7.224368
-15.929064	-5.973792
-3.7782218	-15.303764
4.3522487	16.925491
7.723844	-12.658377
4.852386	15.071394
-1.003253	9.666124
-0.2967329	8.810275
-5.816343	-6.6343813
5.924383	-7.200726
-1.1801058	2.1057796
17.820534	5.191382
-16.014164	-8.855749
-11.297703	16.677835
-10.990922	10.6682205
-12.486504	-7.399758
15.104482	-15.76332
0.44544333	2.7912388
-17.88736	-7.8307
-2.0641072	5.758423
8.456449	1.7631141
5.451295	5.212007
15.420324	-8.527596
-10.8045845	-17.25693
-16.071144	-10.20986
-14.458626	12.856797
