-4.867182	-18.666527
-2.2277126	-11.335498
29.349754	3.541173
8.309632	23.553497
-11.017121	-7.1279035
14.677609	-4.7265315
-2.4731026	7.7401237
-3.6753082	10.316427
-11.75873	-13.703928
16.077263	-5.3332
-10.511701	-5.0001554
-6.917391	-5.423213
-3.5151317	20.369377
0.740141	18.424244
5.767472	-7.1229534
10.435931	-1.1232597
-18.68922	-0.5497798
9.561047	-0.50617844
-4.377242	-14.164833
-7.101856	17.131233
-15.605102	-4.460887
-3.1008193	0.21220851
-8.334282	-7.9017076
5.9838276	0.7773023
-1.2862635	18.796183
6.564236	21.997269
5.849068	-20.316841
11.630114	-19.634827
33.885773	5.2703886
-5.5303946	16.331474
-18.38204	-0.039723888
-1.584453	9.292281
5.5832806	-16.42883
7.9932146	22.714575
10.238594	9.514506
-18.731768	-2.5035586
6.1421285	-10.083245
-10.479893	10.767018
-2.1909666	-17.397287
-5.445385	-7.3800287
-16.917679	7.8895683
8.248543	24.456154
-2.3919132	-15.326473
8.228874	1.4328204
-6.012662	4.5027256
4.0638766	-17.50417
-4.6489716	10.41469
0.5904961	5.044686
-4.797168	-17.983171
-4.664041	15.927421
12.858533	-4.9642878
32.373825	3.794264
-8.64897	3.6698754
-18.4674	5.9654756
-9.09196	17.73021
-0.6886448	-6.263412
0.54042715	-5.721502
-18.518589	7.5820208
1.035669	-7.81046
-4.106204	14.543154
-13.808377	-10.95982
-20.492903	-9.639441
-7.292077	18.807873
-0.2720647	17.04691
-12.02442	12.270086
13.186721	-15.774428
-0.07941277	13.176179
-7.33962	-4.74285
7.4481435	11.607562
-1.51066	-18.08352
-1.1452686	-9.6534
-10.414253	-3.8697858
16.521702	-0.6149316
-12.551264	-9.471528
6.667555	23.623154
-2.2771423	-6.7718883
-6.384577	-16.743061
-17.490498	11.016137
12.022804	1.6968395
2.5126934	-21.653172
3.5776114	10.679684
0.2383248	-20.126629
4.6043477	8.619334
-2.7492855	15.744486
1.580911	14.757568
-3.701905	11.193617
16.66325	-3.6109369
5.8531647	21.006866
6.1457124	-8.765278
-5.9862647	19.126291
-0.6122659	-11.327911
11.263331	-4.122213
1.302289	-19.492977
-5.112648	14.230458
4.675325	7.4221816
-15.7870245	8.60792
-1.8788615	-1.1668802
-1.8262733	-14.431853
-21.522465	0.4743516
-1.0582097	16.073996
0.6273142	19.269459
0.9827959	-3.0299914
-10.845713	12.012034
-0.34047514	-2.3820329
-9.213241	-5.663828
-11.639907	12.942014
-13.138753	8.638268
1.5965844	-8.591381
-14.442833	5.4177823
-2.1472967	-9.636656
-17.309324	-2.5351074
2.501034	-11.002664
12.824711	-17.265198
6.0418587	19.737484
-17.525997	6.057691
33.853016	5.8514414
-17.735079	-9.23418
16.196148	-1.8473513
12.087588	-17.579525
15.368199	-3.9270766
2.1277926	-14.715861
-0.08279469	-17.646996
-7.604327	-6.522135
28.236628	4.945257
30.236206	7.5320477
6.7040157	-20.189161
-17.39886	10.652161
2.5570667	2.7185266
-2.4633713	-19.13899
-3.3519924	-17.276821
13.82258	-2.7056143
12.038554	-18.79398
-8.228202	4.647978
6.1405845	19.285347
-0.70183796	-4.576281
-8.003942	-9.471019
-0.27992454	-6.2568774
4.7365694	18.728207
-18.976038	-11.540482
2.8602026	11.15095
-17.648453	1.301131
8.969462	10.203182
7.744902	-16.690735
-12.653537	11.448702
-13.284681	7.62146
4.0810456	12.4866495
-11.330227	-11.219882
-16.760626	8.198771
-8.309843	18.166473
-6.844719	-15.817045
13.533372	4.0898085
-2.0305667	-8.775529
1.9840574	-17.989536
-15.492426	-2.0084438
-4.8368535	20.238937
-9.201235	3.4278672
8.325816	0.55457926
-13.88603	-3.3419106
1.8519485	-12.533369
3.0665805	-0.3709418
-1.1903824	14.58072
6.7472544	24.64527
6.074245	9.724359
28.5666	5.3363066
7.9286075	10.6853695
0.11956776	-8.694319
4.903782	-3.5698125
3.6843183	8.685274
-6.773761	15.278247
1.1370051	-2.6567113
2.9180217	-6.729479
-19.238201	-9.696172
31.259546	8.153244
-19.224016	-9.978928
3.78018	6.0928082
-1.4438269	-4.028319
-16.430424	7.2598524
12.087445	-16.077463
4.6323686	-11.818018
31.89674	5.8651943
-12.114407	0.25684565
-7.5657063	8.437871
29.817186	8.508799
-3.285813	9.59642
-12.038874	-12.027721
2.1649604	-13.286917
12.338532	-20.184395
7.139035	7.359354
7.8946843	-1.508999
4.7086034	17.31433
-12.232758	-12.827583
15.250095	-5.448116
5.4649076	-7.4896197
30.470322	6.713785
6.958095	9.543511
-17.457634	9.221674
13.705959	4.9098105
9.120956	-4.436315
6.7005076	11.366964
3.9588995	-15.504644
5.617605	2.719337
-1.6661549	-16.732773
12.637459	-19.278185
6.6890984	5.626752
12.241185	3.0774937
-14.777565	-9.94419
6.5203166	2.8387778
32.823303	9.106377
31.22203	5.6956835
4.252779	16.124763
-0.8328974	16.573185
15.731375	-3.1231477
2.5407197	-11.69647
-9.04088	-7.3551755
14.930627	1.7807231
1.9142212	-7.4291773
-6.662313	-14.444904
31.412188	6.3093743
8.887444	-16.510225
29.834122	8.107623
-6.062513	14.276038
-11.048824	13.576471
13.132347	-4.1138206
11.742882	2.1768835
-6.123929	-5.579893
12.554133	-3.7436023
7.4438243	-20.38872
-9.269545	-1.3238623
2.3159988	21.458328
1.7005801	-9.673303
2.921882	-9.192226
5.703332	22.070892
-5.191136	20.474857
7.338878	20.9347
33.37522	3.397928
13.558812	5.4933324
-10.9877405	-8.14016
-13.56061	-12.347986
5.161244	-19.00079
-18.983452	-1.393233
11.394824	3.8632534
-13.134198	-0.17156914
2.9404535	7.265661
-9.005348	-2.8399
1.5090073	6.0363283
2.6931598	18.888544
-17.858603	-4.829986
-14.372282	-1.4170182
11.024883	10.559907
-7.1497226	13.755149
8.624092	-1.7385983
-18.844864	-12.91889
10.014804	-4.581967
-10.909747	-10.136047
-7.2992177	17.77352
3.2280812	-18.743168
11.89668	-5.7720017
13.288627	-2.1828768
-16.005934	-2.689624
11.308803	0.7318054
5.5549803	7.370058
-16.222963	3.578394
-2.3261392	18.479244
13.093367	2.18179
-15.630169	5.225078
-0.6737703	1.3871619
-16.622736	0.11334485
-3.3761623	15.06371
9.927072	-3.5393105
-17.828245	6.917622
-5.060927	17.115652
30.010777	5.1566815
-6.0938063	14.881719
11.548037	-17.81082
6.107918	23.004393
32.971725	6.6597176
5.613521	6.089126
10.843428	10.594047
-0.6973843	1.5053804
-16.601122	9.493459
8.419521	-0.8907978
8.55977	-3.148272
-12.299626	-3.3321178
2.2397664	-21.387884
13.624704	-16.58554
1.108274	-11.209098
6.5367284	16.035023
30.434572	1.6956724
-7.8723946	-2.8195534
-13.31896	-9.962533
-1.8929371	-0.49692553
13.306078	-1.4742498
15.108363	2.5087543
33.034092	4.161202
5.41662	11.773604
-7.507196	-3.5726764
-2.5187845	-14.11961
-7.306437	-11.562423
3.13951	-12.656186
28.526049	6.9676623
-15.862132	2.874092
-12.757841	-11.653083
-6.5056696	17.692705
30.695427	2.727109
-3.0931373	-18.411007
31.686304	3.710661
7.417494	1.844214
-4.657089	-15.393027
-14.04539	-2.1746795
-0.14965828	-20.843353
-1.7530389	14.998829
-1.2652913	-20.853657
9.011544	-5.781363
-6.775607	-12.022802
11.646709	-0.23439182
2.7050676	10.250449
7.125518	22.094233
6.568123	2.4115243
1.7636961	5.89464
-8.974918	-4.7107725
-14.722892	-2.3872414
-12.085906	-8.727119
-3.591846	-10.431473
7.796085	20.92308
-6.905006	-7.2993293
-2.7321928	12.949871
7.6969957	23.851534
33.684963	7.2769256
6.317874	-16.39654
-9.783594	4.0812664
-10.022382	-8.957376
-1.1937132	8.552009
11.223048	-19.457287
33.342308	5.9278574
-18.434828	7.885078
-20.97559	1.506644
-16.694277	-0.8548843
-4.332688	-18.99009
12.630715	-18.417746
10.133721	1.9216113
3.1599343	16.585342
32.33748	4.7222013
-9.412476	-10.939783
-7.575175	-8.071555
-1.5671346	-4.7672186
9.735811	-13.695666
30.046358	6.141873
9.449341	-17.444433
7.0519633	22.81867
15.263707	3.146895
-17.995317	-3.8093357
8.661031	21.800785
3.4537368	-7.239995
-8.271932	-10.391947
-9.615653	-3.0965395
-12.804096	-5.4720016
9.320484	0.054621093
-13.061474	9.765599
-0.5404151	-8.846527
14.221269	-3.8757012
-16.84353	2.1898532
-20.334929	1.2322518
-18.419353	-9.493323
-7.075461	8.657154
-1.302344	-2.6359043
-1.3662151	17.748072
-6.6772203	5.053171
-2.0893168	12.417327
-20.855125	-1.1987491
-1.812095	-9.996241
-5.6484127	7.711314
2.8574958	2.7242813
13.511827	-19.361107
2.614219	-17.48903
32.49514	5.3734055
4.9618106	24.123209
15.744947	-0.46424448
4.3484154	-20.827398
-19.361332	3.1037993
-2.5483305	8.856257
-5.371419	-9.305891
31.361403	4.713144
4.4423256	7.797341
-11.036817	-11.985789
9.647051	10.49115
-6.0505514	-5.0369616
-10.001632	11.764661
13.9137945	-4.8099985
5.734278	-10.473297
-3.7407675	17.267765
-22.251703	0.70897037
1.8807513	-4.079872
4.132095	-13.654163
-12.571079	-12.667788
1.9070283	15.453405
13.859098	2.6780376
6.34789	12.54099
-11.195674	11.5634165
-18.359045	-13.290742
14.6854725	-2.9005165
-6.025335	9.76134
-0.3155613	-16.662317
-3.007043	8.206812
7.2940645	-6.382304
-17.476854	-2.06421
-13.508414	9.475525
4.7167344	1.5961082
-1.21851	-19.06432
2.7313638	-7.797164
2.2483299	-20.805862
-1.5332599	2.1003687
17.002586	-1.6349975
0.2801462	19.950607
0.38246408	-21.238544
10.164722	-14.279855
-12.797812	-8.179454
5.7581882	20.297808
-18.26488	-1.6585568
-6.0191636	18.630022
11.621319	-1.0152035
-1.288489	-11.521007
4.285655	2.7813585
4.918993	0.60806376
-5.296255	-16.451162
-0.6332814	-20.282814
31.349781	2.2219126
-12.641893	0.7266253
2.6536534	-13.966627
5.464786	17.89896
2.5879126	8.0903015
32.035267	7.168297
5.9321766	14.33598
9.993148	-18.887596
-12.086258	13.152024
-16.777262	-4.827053
9.461335	3.7017348
-9.836237	-9.719494
-4.99898	9.572299
16.142918	-4.400706
7.4320498	-4.896555
-8.518871	3.12275
-10.45282	-6.6925488
-3.0754542	-20.102842
30.21028	4.2509027
3.4353592	-0.0902242
11.51363	-18.53416
3.9350696	-9.050138
-17.45229	1.3069072
-7.43049	3.968944
-4.7835455	8.700986
-18.835157	0.5016869
4.2489877	17.488932
-6.6309566	16.021997
1.8091242	3.2254715
-13.029651	7.9551563
1.679112	-17.5197
-10.129601	12.957406
4.274615	-14.244189
-2.310638	13.400415
-14.839379	-3.2246757
