-27.389265	-16.76716
23.43571	14.379835
22.520037	11.036405
-31.977869	-10.500762
40.873287	3.0684133
17.532806	-6.6706414
19.419844	-4.7443447
30.608738	5.1171265
40.459576	3.2928555
30.954681	10.230676
31.094536	12.862808
41.61716	-3.6245482
10.213474	3.761497
-0.7244831	-8.676415
17.036997	-5.1771393
36.111095	0.11281424
31.826714	8.476412
23.630398	13.032108
-28.416239	-18.678196
38.98898	1.3074143
-24.429092	-17.565342
-41.93885	14.728988
28.653625	12.194454
-31.092407	-11.111243
10.027767	3.4352517
-29.239546	-18.856855
25.301908	9.535667
-40.192596	14.793723
-35.72198	17.152155
33.530827	4.280661
25.562838	12.040106
42.122295	0.70688117
-35.313297	6.713982
-32.950504	-10.609471
14.622399	-9.064309
37.95308	5.7940874
-29.04664	-17.012402
-25.188284	-18.129501
-28.677	-17.815926
35.94229	7.527808
-36.651493	20.266273
-34.357872	-17.903301
-29.110605	-18.149706
10.858964	6.8517375
29.549221	8.617001
16.127632	-5.4600344
40.836586	5.637385
9.253429	0.25851414
-24.514915	-14.274513
-39.384686	15.470084
16.587553	-6.644728
-39.100937	14.697173
28.368902	9.012315
-36.848614	19.470177
5.3071637	-3.3754199
29.834473	11.094084
38.004986	6.301754
-37.933212	18.58058
38.40087	2.9116848
-36.646885	7.0806513
-22.23824	-16.607805
-42.208115	18.483004
32.332127	5.5509367
4.4446373	-4.7451878
-40.375328	17.348148
7.2125754	-2.2657206
2.864253	-5.1637983
18.870588	-5.0321555
13.842832	-8.689721
-28.149336	-13.464377
17.29281	-4.793985
36.840176	7.878298
15.18318	-9.083314
-20.517862	-11.233398
-21.943419	-14.533573
41.99215	4.807373
-30.8254	-11.060335
-24.90641	-16.636343
39.518154	5.050108
23.180426	9.837685
5.3333464	-4.1603794
-28.493776	-16.78962
29.431576	7.8664894
-24.015055	-10.816183
-25.711164	-11.454381
-22.72058	-10.983203
17.267956	-6.604781
-32.75343	-16.009174
3.855733	-3.7279408
10.260504	4.277689
5.386737	-2.2251596
19.109644	-4.317517
24.617844	10.639524
38.52477	-0.39512178
40.32491	2.5805402
-42.862396	17.767551
-31.496576	-11.137879
-28.511974	-17.41001
-23.411737	-16.520092
40.463608	1.6403464
-29.855999	-17.19845
7.5343566	-7.3671565
-40.793663	16.568077
-37.888645	20.398014
7.822974	3.3674812
-38.823288	16.36686
-39.473404	18.231127
36.702732	5.410291
-40.45265	17.879675
29.488138	9.88824
8.463703	3.5289948
37.63061	4.8773303
-43.17556	17.129885
-21.207375	-11.815761
-37.462666	19.539165
-35.867855	16.659311
18.952774	11.468822
-1.7281572	-10.511692
-32.4245	-18.360956
16.810173	-6.0033092
9.772553	2.396427
29.479002	7.572913
27.944584	11.714735
-1.0760703	-8.487006
-35.76155	8.725299
3.3342516	-3.5926852
-35.661285	6.746775
-31.610756	-18.116821
-29.420269	-15.965427
-27.014925	-16.380249
15.273513	-7.625995
-41.478985	16.077337
10.442543	2.201242
-22.651217	-13.7435
44.32797	0.14063928
17.552261	-5.742505
30.192513	12.683749
-20.262133	-13.356041
-37.33995	18.718988
16.313475	-5.485125
-36.347363	6.0375695
-27.906883	-17.251413
-40.554726	16.847788
-41.94201	17.6642
36.240513	-3.4096367
-24.846485	-11.962772
-34.62964	6.03314
-34.324398	-18.570335
28.207542	6.780047
-30.646183	-13.663876
6.9514694	0.9719424
18.679186	-4.8502903
-27.26748	-17.01051
30.914116	11.3075
9.8758745	1.7107873
35.39334	1.6767594
21.276323	12.64365
-25.38302	-17.247223
29.786087	3.5969334
-33.14396	-17.155272
-37.294003	8.780946
-26.49803	-19.587513
12.262552	-9.522913
36.968082	1.053885
24.117376	10.991065
32.083527	7.5065827
23.549482	10.632936
41.104824	0.020671593
-37.142612	17.938843
-36.44427	20.152527
40.58821	3.5740032
-36.234768	9.866342
-24.310324	-14.785153
-35.78924	4.4267483
-0.25031468	-8.266381
44.216805	0.16578256
-31.297949	-19.667255
-42.89287	16.713764
7.4036045	1.4332135
-43.806847	15.855597
27.476599	10.3238945
-36.45485	16.329805
8.071159	1.6826811
36.96059	3.9395642
-24.664288	-17.937845
16.326895	-3.2551818
-39.153023	15.735613
21.936506	12.119639
23.793797	12.040666
9.783607	2.9625952
-31.606365	-11.015543
17.457533	-5.949428
23.28561	11.809392
-27.502237	-18.747515
8.657003	0.94858456
-37.26683	20.460758
-44.26611	16.12474
34.581795	8.797387
14.372197	-8.326583
-34.776836	6.5461974
0.563826	-7.779575
-35.435802	5.7222195
-40.40507	15.936238
40.97206	5.5557504
8.629495	2.6427996
0.4225841	-7.6016693
-28.386623	-12.761197
-41.67058	17.573204
-33.35459	-18.55029
8.744253	4.454199
38.868332	1.7236316
17.854784	-7.36121
5.7410083	-4.8652167
29.485949	11.700278
16.073286	-6.71994
36.486347	4.6919684
-25.91736	-12.669938
-41.61216	18.049055
-28.123514	-15.53635
7.559152	-2.2914982
-36.776047	16.838459
-39.762596	16.83048
35.54337	7.130528
41.28384	4.3928094
35.24265	1.2654272
42.02309	1.938113
-32.878975	-17.947475
21.621603	10.619294
40.72188	2.3760712
39.186172	2.5156925
3.5339363	-4.5990686
-32.90486	-18.957901
9.993143	3.9202085
7.912853	2.424325
-38.21876	14.636696
-41.13385	18.468632
33.50897	9.44592
-0.5336163	-8.295429
4.595999	-3.7820206
38.383183	5.872958
37.25113	5.2799754
9.094692	2.4287705
38.687973	7.0312567
42.59347	1.9855736
4.2134385	-5.0924525
10.922871	6.7551694
30.39795	9.728655
5.7144775	-5.9626436
4.1747727	-3.351704
4.2490864	-0.07800457
12.9478655	-9.374146
-40.055542	18.731413
36.322216	5.1650496
-33.70511	-17.679579
31.744896	4.399963
-29.539206	-17.737263
32.8114	6.758699
15.2718725	-10.092577
31.872684	11.430426
42.37715	3.6587758
23.616264	14.608175
-35.76348	7.352545
-26.653866	-14.59102
15.921253	-9.612464
-33.236824	-16.622337
7.043549	-1.5538974
31.471472	10.226638
34.24925	4.698897
21.855104	11.727079
-40.665527	19.00039
31.887714	5.2545533
3.9396758	-6.8638883
32.88891	4.1148233
-32.492813	-17.50537
-23.362328	-15.687413
-24.225092	-14.629035
24.036238	11.908623
16.061049	-6.0995207
-42.226147	17.192696
-34.12127	-17.717934
24.416382	12.121673
23.343246	12.434015
-23.01492	-14.769324
23.12809	11.133802
-35.46589	8.31534
2.8612726	-4.068428
31.011442	6.663434
23.534082	11.246426
-34.561623	7.9631724
26.975086	10.753974
-34.602882	6.4023347
41.304577	3.5978718
39.17851	3.853124
-40.130527	15.2864685
4.583017	-5.791169
36.731213	6.444437
4.0455008	-5.5879536
39.418	-0.6180308
-28.565758	-18.980528
-20.178478	-11.920461
6.228947	-7.106981
-23.521622	-14.112703
32.45514	5.0153146
32.51937	6.541281
-29.297413	-15.663549
-27.678125	-12.295081
23.830465	11.111222
-34.96872	5.583266
38.56605	6.758349
-29.61721	-16.876448
-37.486794	8.738055
-28.31357	-16.657454
28.980242	9.684442
29.54036	6.076454
14.405277	-8.476892
4.9896455	-5.0437927
-24.279877	-10.951116
-19.7981	-12.826577
42.38869	0.122632094
38.441113	3.8636565
-21.831692	-11.235586
-27.442572	-18.96558
17.88859	-5.0541434
-23.956558	-17.060045
35.261505	7.9829607
-32.555958	16.267416
-31.679033	-19.524654
-32.074215	-12.260214
-27.7337	-16.084879
40.349297	0.75612026
4.2804966	0.5979558
37.073673	4.171727
-40.01482	16.165363
-35.377415	17.086962
-36.157204	6.9854155
-38.740414	20.812063
30.475918	12.545824
-30.092682	-15.4695015
-32.69832	-17.35419
15.006281	-8.003241
-27.220537	-13.332266
-37.96652	16.469452
-27.275557	-18.161386
27.381891	12.481875
25.969692	12.093057
14.377046	-9.622601
-1.5582163	-10.1797285
-41.529003	16.67955
-29.453974	-19.423088
23.449404	14.510746
3.2876644	-2.6978002
41.441357	-2.9251418
32.833164	8.505051
18.17663	-6.348657
41.87589	1.2437012
20.782656	-5.5881114
26.562307	10.865617
-36.6793	7.642411
13.196067	-9.544413
15.953754	-8.272173
-35.911713	6.2865386
4.918464	-2.6016788
-35.121227	4.353494
-37.31842	10.447013
-42.637558	17.337437
39.925358	1.7513477
28.299454	7.578531
41.11871	-3.220257
41.690094	5.680633
26.061134	10.162229
40.01198	0.56499135
-20.25105	-13.53628
-35.685993	18.366375
-36.039875	5.858217
-42.55038	15.82531
8.064904	3.0749815
24.875544	11.724338
-27.043192	-15.82527
-22.116152	-17.371466
5.02056	-5.7310677
28.143774	10.580381
-36.224304	8.275663
41.63933	-2.7919412
-32.143917	-10.838324
13.5359125	-7.932498
19.669872	11.525512
-38.470184	13.176915
16.786934	-7.223823
3.3456798	-3.9507284
4.9845066	-4.491247
41.652798	-2.1726618
39.594067	4.416463
14.436125	-8.909494
-31.498774	-10.43633
-24.607147	-11.6928005
41.61279	-3.141978
35.403908	2.80213
-40.495182	13.273707
-36.51323	19.316319
14.573349	-6.4896307
-1.0026059	-8.858833
-35.48112	6.14299
20.39288	11.618974
28.924202	10.472729
8.646492	2.4405446
-39.683533	18.954298
-26.3884	-15.902853
-27.62566	-14.327555
36.48079	1.1658849
33.14332	5.467865
-38.440723	20.627018
-33.11149	-10.213867
3.7813158	-4.9120226
-29.763062	-16.843016
-35.027817	4.740033
-20.787035	-11.465348
-31.206484	-11.753499
-23.780855	-16.319143
10.019521	1.950958
42.117516	1.9603822
13.506023	-9.900193
21.66271	12.593748
-29.519999	-10.535396
-24.903685	-14.379271
-29.221668	-17.623625
-30.67732	-16.318634
29.78174	5.5417614
27.540361	8.9916115
9.388967	2.9236841
-0.5044535	-8.289919
-38.681393	18.434618
2.9708343	-3.2644083
24.158342	10.199089
-41.801147	16.762257
28.524773	10.669056
25.010382	12.610746
41.486927	1.8754852
5.132255	-3.9048243
42.60077	3.2509303
34.36523	7.1029067
26.141035	9.45077
33.781025	9.340366
-23.910032	-13.951761
31.078964	8.361017
-33.763687	-16.625336
-38.2048	13.197019
40.967808	1.8449731
-34.736546	7.7361
29.763105	9.22467
39.45929	0.56915015
3.0197704	1.927184
9.040848	1.8882537
39.795536	0.73957914
5.4013767	-2.6208596
-36.88419	8.42771
-23.0073	-13.391498
-40.282234	17.218655
13.943387	-7.510263
38.70807	2.3310466
-23.378443	-17.361355
