-0.76159626	28.213879
-21.367632	21.556837
-22.69621	20.329844
-12.138817	31.190351
10.028466	41.98826
15.272823	31.361671
-30.475166	29.565905
21.77205	-22.188501
-4.26778	-29.545506
-27.851997	5.6784263
-15.383916	26.806202
-14.7119255	27.691326
41.20642	-8.989754
3.2566712	3.3672647
16.57145	30.607357
11.624668	-43.987194
-13.420966	-24.085886
15.108351	17.46214
-8.312242	37.922962
34.47499	4.9967537
-38.596733	-4.040623
33.960407	26.688324
-22.205433	4.862076
6.046094	38.81508
43.088383	-9.236036
30.778976	38.850567
2.537933	-14.871463
-18.207945	-47.58518
-36.12473	36.059814
27.369993	1.5451243
-13.84595	3.9549692
17.896637	-15.866298
-7.1076384	-10.558257
30.801552	40.877785
7.6556373	10.852807
-13.04287	-25.25216
2.3417034	0.51691127
-12.469266	-5.34858
-2.5677643	32.5026
12.102567	41.53054
-25.178076	-14.454626
-13.555417	31.093645
-0.25223562	30.46782
13.733859	14.108747
34.158943	16.48634
-39.65966	25.474136
35.584106	6.660716
-43.37849	-29.508091
-2.230773	30.011162
18.188496	-6.4490166
16.626188	38.84216
-22.507278	-32.615395
32.64919	13.870162
44.564194	18.722008
-25.486336	-31.8674
-31.932224	18.070164
-32.06596	16.984106
8.546625	41.871105
-22.679773	12.858138
27.309519	-2.0730143
-23.587183	33.610912
-16.49099	-43.05816
37.6529	15.239412
37.845905	-13.9084
12.96217	-5.8624883
4.046977	-34.345684
-3.7390554	-27.366158
-15.149629	2.1496751
22.741728	8.028771
-1.0871344	-16.719542
13.901433	36.20899
-35.503326	36.63599
-8.144689	14.0294075
-11.74969	-15.1568575
-9.619872	31.578642
-16.215271	17.631512
4.863984	39.846924
29.016388	-11.948719
9.807403	-34.29435
28.91783	-35.105915
28.010181	-23.584074
-0.5672634	22.722261
17.936325	-28.409214
30.534416	-0.85573727
26.763659	-6.568686
28.910433	-3.5329773
17.429382	38.10443
28.836754	29.755938
4.4950457	23.391521
14.351255	7.1054745
8.95471	23.703028
16.324518	36.590385
-0.11380378	-15.540463
30.377424	1.5018963
18.04735	-29.631336
11.787354	-9.240168
-8.185782	-36.400963
-3.5889223	33.282722
-28.139112	-2.8957124
35.220844	-13.333835
0.8522868	2.232172
18.697803	33.641754
17.936638	-2.4752872
-10.90348	21.181719
-39.229874	-14.528332
9.840484	-6.5847735
-29.759846	-11.03441
-26.93189	9.93721
1.161516	38.670082
-25.101221	8.057549
-40.57297	-30.825584
-11.85638	39.3061
-17.950651	-42.438934
6.0531373	18.266607
-36.773228	-0.40897068
-32.38538	-8.103325
-4.238475	57.819584
-24.937561	32.506935
-16.080345	-41.13293
-10.2527485	18.843204
13.495857	7.10665
9.036334	25.08548
-22.717487	5.7560644
4.230896	-35.60281
-14.654626	13.450325
-3.6508634	2.6993096
-21.837606	-15.060941
-8.0635195	20.91759
1.007515	30.596046
-2.2268794	26.052357
-30.722443	26.054842
-18.83636	-45.86354
-37.99733	-27.851303
-8.245908	-6.2947464
-28.860418	18.113459
-28.42714	28.23978
-31.899939	20.805437
5.9442935	17.415169
-30.854815	-3.5492158
-38.137657	25.77477
-18.88921	-14.483225
-28.62533	-21.700516
3.6347773	26.907797
12.678267	-4.8300195
20.725458	3.8590546
26.376547	-7.1592793
-17.838833	-14.453555
-39.056866	2.1675353
16.265032	9.719402
3.4068537	33.357655
4.2704253	-9.587129
14.941882	35.806534
3.28124	24.81591
-15.558311	8.141286
40.808403	-5.533607
34.98835	11.047594
16.398325	17.692652
-38.858902	-6.226853
5.885293	11.239928
1.578853	36.17555
31.306427	-6.3689084
-13.775109	28.539034
23.94427	-27.051754
14.998571	-38.508537
27.189098	-34.959045
-29.55301	12.959651
3.3424246	-13.626093
19.526144	-28.846357
25.785376	-0.08042121
29.901823	29.065498
-25.494528	13.375438
-2.8770142	59.05718
-33.54316	11.228393
-3.8052473	59.532906
-42.01641	-31.420979
-29.061808	18.839493
9.170734	1.8894994
-11.0827	-41.31801
-0.007409908	2.8186984
-15.556895	13.092767
17.800228	-19.414064
-13.79451	-46.52895
-39.56475	-12.150453
19.291945	-15.403965
-40.20909	-1.8168024
41.612667	-4.569121
-14.4978075	-45.637016
2.8123753	-9.387038
18.995682	17.161242
20.159487	-42.84116
-5.2920947	27.228907
14.093911	31.247072
-23.426678	18.03536
-9.885527	20.018738
16.37368	11.512566
-1.680379	-9.005101
7.0076313	-32.466
18.464693	25.577332
24.961126	7.402257
26.509453	2.8535666
-2.943457	-3.9764347
-6.41321	-16.279915
-17.306906	-44.910145
29.465239	-36.49228
-26.97347	-1.7163392
31.999409	19.67359
20.776136	-33.51873
12.3614645	-3.821426
5.8602138	4.013751
-3.4775667	8.122404
23.392708	1.8041342
-20.066534	21.586153
11.867432	6.251177
-17.796051	5.4140525
-14.218335	-6.389689
-27.348509	11.289531
4.375456	-6.2035055
-18.837917	-21.232716
6.445089	-19.741407
-12.741543	15.161889
29.343044	0.3345106
16.760769	-3.6219966
20.391558	23.748844
16.125776	-37.680008
-17.14332	3.116546
10.704153	-37.49002
-3.2537692	-3.1850839
-10.403701	-0.07201715
22.092535	2.6712723
-27.87783	17.07541
3.638961	11.492368
29.296387	40.645184
42.57049	-8.045866
-13.972848	0.8443004
32.74517	-0.4710229
17.771597	-32.65174
-21.385288	1.1216013
-37.24616	-30.869596
-2.6994002	2.2092252
25.141237	-17.980642
9.253155	-32.888332
-37.55822	-34.42133
25.262335	-20.027006
-14.748713	38.521187
-41.61089	-28.74584
39.39538	-14.636082
-4.726078	-31.340662
-40.208004	-28.335014
32.561165	-16.425734
-33.680206	-22.284727
13.395986	-45.88959
-11.587785	-45.40822
10.243424	-39.529934
-39.96934	-0.10065054
32.053726	2.542464
2.0086207	-0.27758807
-31.0873	11.066559
29.543924	-18.10159
-36.49185	-19.825064
13.0900135	-37.454845
16.242996	-26.857666
-38.719402	-9.41958
38.07232	-10.971143
16.779533	-34.633835
-39.367565	3.5891588
-2.7793636	8.066405
-14.214642	11.037687
25.961407	6.719234
-23.824678	23.29529
12.611051	-1.4323257
37.079372	-1.6856822
-11.210216	14.650126
29.01392	1.4117017
-21.282272	-46.317596
25.825872	30.118303
38.12139	-27.430906
-0.2687955	-8.974768
-30.476234	27.827679
11.755503	-10.618359
-18.157965	-21.345032
18.227036	17.498093
-9.046436	6.469437
-29.879576	-4.432107
1.3690003	-15.151782
-8.519501	-35.73234
0.45103937	12.204734
10.203581	-45.831303
26.670132	-38.37243
-38.07903	34.44373
-14.12684	5.536982
-20.522448	-10.794476
10.106604	-36.60418
26.464703	-19.033665
-23.631344	-32.670845
-31.319016	-22.284092
-13.889494	38.761013
8.107875	1.5737047
20.740936	37.53603
-26.567139	-31.040436
-12.82039	-26.761522
28.845053	-24.108955
-39.703655	-3.0972135
36.403034	-1.555894
-31.53446	9.556869
2.457345	30.179127
12.13037	37.14237
25.760761	-35.83564
-7.848023	-16.704514
-35.15462	-7.753655
1.198115	-2.4411488
29.850365	-2.2217603
-1.8520274	23.357418
10.2795315	-41.385258
-22.620249	34.26252
-32.78706	27.568813
24.118904	-26.011625
31.884766	40.073742
14.138179	13.508305
16.848885	-29.860773
-42.67422	-6.686137
-36.160477	-3.1019447
-40.978004	0.42835146
13.790667	34.824436
7.652652	18.548098
-26.625637	4.0762997
32.538486	-5.7071576
-10.839831	31.559214
4.421679	3.7060628
30.674547	6.1385155
34.980713	10.002519
-38.232162	-29.323215
18.601978	-20.557264
-17.68628	-46.48444
-32.66509	-7.318859
-24.31272	-14.770102
-34.285034	2.9809465
-15.100291	9.775114
2.879885	31.431202
-19.012934	-43.48122
-31.670324	27.975122
4.284935	18.743628
-20.689499	-32.47882
4.0223074	40.80396
-17.971573	4.2786837
-9.899249	6.2054358
-25.190275	26.4394
7.6620393	-28.944439
-21.950314	-35.8771
29.776447	39.332413
7.5127277	-28.051764
-37.652798	-32.7918
32.999847	40.864464
-23.792803	15.413305
-39.574566	-13.160048
-37.76792	-17.89053
-40.526203	-6.717617
12.307402	-44.631813
14.499025	2.0385041
-2.0940695	13.762093
-7.208175	13.899267
-17.27695	-8.056836
-29.078348	-6.0483418
-4.8397417	59.010674
-2.7469757	60.333504
30.846933	28.412472
36.773514	-12.510986
35.376026	15.456016
37.185066	4.2028246
27.989368	-19.03107
-27.074547	8.054861
23.593369	-15.320126
-32.499557	-17.208708
-13.843572	-42.644783
-3.9277205	-15.040834
-23.426712	-40.246143
-32.80205	21.479923
16.211515	-16.415464
6.043063	-18.737906
-35.01282	2.383876
-34.845966	-22.087603
-24.107533	7.23198
29.895107	-11.886429
15.966276	-27.710041
-16.30572	-14.182551
22.463474	7.436737
-16.784773	0.1520386
15.8942175	-6.1057134
14.973169	29.644709
-0.44075987	12.802178
33.89942	-5.4330444
-12.673577	-27.778885
-10.606634	39.026726
-40.763157	25.198944
-10.819182	-11.981811
26.377914	-4.3606033
8.388619	-30.492289
36.842327	-26.801493
16.830751	-6.2619333
-12.397685	-42.52993
19.255152	37.829758
-11.590841	-47.46333
-5.0705004	-15.901719
17.572601	-20.878796
18.59939	24.51839
-39.979618	-29.853376
13.783198	0.28975695
-0.8380028	34.60802
2.0188148	26.845648
-24.670412	15.046539
28.706781	-34.21453
39.42882	-28.261253
-12.673749	16.507553
21.343075	-43.356934
0.226362	-2.2772949
7.281638	-20.021084
-10.521308	-15.080901
27.244707	30.62437
-35.302917	-4.699374
35.269722	-4.67927
-19.347277	16.188433
-25.75747	27.257563
2.0138674	-8.400112
34.76589	26.419437
-1.9318793	26.862617
0.17065911	-3.3977084
0.25777194	20.99945
20.758379	-20.940195
40.65773	-3.3926187
20.14739	-44.232544
-13.281139	-5.762992
-31.617748	-2.0020502
18.741285	-41.290474
-20.25428	-44.298183
10.535768	-7.6557174
-3.8921053	-30.34215
17.87835	-39.898678
31.229807	-17.281752
-39.32398	-25.448017
13.766505	41.651726
8.499457	-39.787457
32.385536	14.549669
30.497751	14.797885
-9.391371	-10.464071
17.805904	27.325693
1.3824755	35.294106
-19.393717	-47.301617
-21.727839	12.334861
-21.584269	-8.223736
35.84051	14.527262
22.287045	-14.767903
-40.67713	-32.05314
19.556244	-45.439144
33.37663	5.576876
-20.808844	-6.9314365
-30.368004	-10.3570795
-6.2844462	-10.998085
17.857	-3.3696015
-41.857567	24.916716
29.60677	3.634071
-36.057602	-5.4630427
