14.05366	3.233796
-5.273131	11.366694
-3.9431548	22.021093
7.4500303	9.487871
11.530866	-9.052012
-9.169306	-15.579216
13.785699	-6.2296343
-15.713934	-11.434548
22.500456	2.3057015
-9.309836	-16.480976
-4.8691196	19.01036
-6.674751	18.052534
23.362333	-7.0614495
-6.760559	13.2595215
-13.430059	-10.900306
-3.1484578	13.008827
16.547249	-12.9933195
-9.917366	22.415981
5.344511	-6.0353518
-7.670732	23.950418
-13.764755	16.507343
15.969216	0.48573983
9.359343	6.460481
20.341068	-2.6424282
-3.4253523	-2.8052788
9.619399	-1.0743928
-8.463562	2.4532576
4.042259	-20.148151
-14.0905	13.895278
-18.535238	13.059457
11.672162	3.5816905
6.7147064	-16.710989
-3.5489964	20.567474
8.504087	5.629635
-14.957908	-9.313009
-12.896055	9.400396
-3.4731867	-16.682344
16.440353	-16.25571
8.489502	3.206483
1.584701	-22.259443
-16.229284	6.190095
-1.5019665	-5.2978897
11.455347	0.5104323
-19.415867	10.656027
-4.404519	18.347002
21.907928	1.12723
14.536866	-19.779572
11.661263	-16.296844
9.767056	2.4724417
9.98616	6.081176
8.86769	11.772489
-10.170485	-6.1587214
14.49698	-17.056444
6.233783	-22.338562
4.9591584	-4.505956
4.0914183	13.182828
14.581741	3.4963782
16.178175	7.4621043
2.9571931	-17.920925
-6.8383904	18.759184
0.20243141	6.5681715
4.495045	-10.317909
0.6897046	-20.18296
-7.024248	-12.422817
-5.175831	13.707653
-16.26793	-10.340161
18.925074	-3.1530411
7.3427825	-8.4536705
9.205771	13.422155
4.721746	-17.097368
0.014428063	-13.165605
-7.257109	-12.850426
-8.824837	-17.724005
-5.83056	-2.7190392
-3.0470316	-7.6441727
-9.822052	-17.026018
18.62186	-1.2517468
6.893476	-10.600433
18.638027	9.709796
-3.6480017	-1.1521865
-16.887787	-2.8738866
18.087286	3.2921085
-10.089156	10.785868
-16.673542	14.885716
-7.7803473	6.0010586
-6.9387336	8.404386
3.5856082	-17.213346
-6.526603	4.5994024
6.1445537	3.7668393
-14.428149	-3.9287095
1.3355486	-14.111109
10.183597	11.802546
-4.416914	-15.884007
-16.455849	0.737965
8.242846	-7.5120115
12.68226	-9.090519
12.435428	-7.8970556
13.939086	-3.9538884
-6.623835	7.352492
18.75963	3.9181387
9.779088	-19.69997
-21.153688	-2.9085793
-1.8702332	-1.0968685
-1.4012635	20.914932
5.882009	0.19597264
13.716957	8.369009
-14.055625	-2.4961534
-5.031903	-14.727859
15.712005	-6.5392795
-11.619897	10.313536
13.158097	-13.811869
13.919536	-6.9680386
11.447422	-0.7059317
-3.0714908	-4.5880485
-13.476254	14.119011
-16.595556	-8.210812
5.1187234	-3.14021
16.040218	9.567221
9.3848715	1.5484332
-14.197558	-8.49534
-18.745115	10.498232
3.5752711	-16.350481
15.96488	-14.172244
-3.1286757	3.9094813
-13.718575	7.0978684
-16.046043	-12.529635
-8.315745	-3.7970939
14.5070305	-1.4719765
-22.381643	-4.840577
-16.727493	3.5674214
22.575407	-4.4585347
-0.38134128	8.116659
14.854125	-12.562946
1.720642	14.976077
-17.992344	-5.796069
20.750145	-0.98148125
19.71299	2.5935214
-12.657838	4.705373
-6.3513923	13.549452
22.480494	-0.41147926
-18.244139	-10.307919
15.610214	0.008461238
1.5025659	3.4010718
7.5074778	-17.77366
-9.259318	18.76318
-9.342358	5.8468075
-17.071768	-5.728318
9.715784	-8.635189
-11.722785	-12.71412
16.199854	-2.7802234
2.0337012	-7.9760838
-11.50116	-7.223993
3.386691	-8.092796
-15.141396	2.5257099
22.611483	0.86177677
1.533068	-19.855907
17.59684	-11.6196575
-5.386071	-16.515158
-10.926793	21.109426
14.524764	-2.0947905
15.422476	-1.9863288
-9.012834	22.466217
-8.187971	26.214415
17.657686	-6.756927
9.712306	12.589768
-7.6803126	4.203033
-4.0024285	-4.2067103
2.5548947	3.90278
1.5291628	-15.499824
-4.8001165	5.398123
5.397168	-23.066366
15.503877	10.034404
-7.5324645	2.3481371
19.101542	2.8029208
13.92188	-13.354804
0.7226416	19.96451
4.2223783	2.4015403
5.892256	9.213881
15.173492	-18.387846
3.3815129	-3.0923352
-0.14376655	-19.767227
-2.667726	5.691888
-7.572953	-14.543158
5.706972	-15.65016
-13.570169	-14.74874
-12.335848	-5.3609905
0.847613	20.789972
10.410841	-15.855308
-14.091269	-1.2128547
15.844215	-11.078791
7.9354177	0.9411516
3.1302843	5.431217
-20.37656	-3.8008993
2.2461016	21.69938
-12.056005	-5.857749
-5.9782896	-7.4646235
4.852054	-8.372807
2.4599614	-0.17269365
-15.152098	-7.7017565
-14.74705	19.179716
-8.608719	23.616507
-6.6762652	-9.994866
-16.366468	-8.956693
6.5599504	-9.225037
-8.596113	-12.886322
-2.902847	20.482014
-3.775773	-8.110557
4.5577965	-15.190641
-0.7859247	-12.984252
16.841917	-16.410011
-9.417347	-10.557493
-6.723837	-14.413678
-17.930428	14.090708
-16.774324	4.626743
-3.0883644	22.335373
-16.94194	13.304827
-12.001499	15.51186
3.4539149	-4.3896685
-9.675351	3.6418645
-9.168897	-18.779749
-15.450401	14.341628
6.805564	10.705695
11.995333	-5.9597015
17.961626	-7.3096356
6.7782445	-5.891968
2.2341013	2.7548273
13.847432	-19.558739
-15.313196	-2.1705718
-3.3914714	-18.017904
-22.408503	-4.9418116
-4.17265	19.441977
10.703126	4.718471
9.9701395	0.9726948
10.606088	-5.898744
-11.429234	15.207287
-7.741214	-8.161991
5.454064	8.849462
21.932192	-5.6678357
6.5230727	18.105165
-11.09637	1.1383452
19.247953	-0.8202315
-5.6749854	1.0948666
-17.563751	-0.79416263
3.0920763	12.485456
4.92325	-22.92301
13.49823	8.183426
21.713955	3.0128472
10.861862	10.93272
-18.617987	1.9729849
20.649315	8.225812
10.551207	-18.334476
-14.582951	20.224218
2.7065554	-12.185679
4.6144834	6.4112635
-15.084868	3.8100562
-4.411197	-17.113739
-9.1451	-1.2016
-19.150267	-1.9499599
3.010421	-13.928093
12.579725	0.6722828
-2.526983	13.183666
-7.572918	-16.876299
-12.973069	10.7920265
-15.684589	5.3968306
-1.0140216	-4.954975
-5.768563	25.327074
12.338942	-10.232696
-17.003023	-10.521399
13.959109	-15.4995575
10.485578	3.8274245
24.517025	3.4512255
-0.2996757	1.140884
-8.1339445	21.22608
-1.2648882	-12.056192
-7.4919415	7.2981505
-10.857747	11.205992
-13.230624	22.407448
19.704605	1.31548
20.497395	-1.7036371
4.14257	11.775077
3.6863143	11.5070915
6.3784857	18.313492
-6.583211	14.437422
-6.9864926	5.884751
15.456148	8.20535
15.574863	-19.107626
-5.757018	10.200988
10.492261	-8.497538
-9.158203	17.525192
6.047889	3.1156976
-12.686366	3.5227523
4.869391	-18.117752
-18.551378	-2.3726003
2.7785761	11.904683
2.4255602	20.821005
9.120425	-19.748165
6.150807	5.5537295
-6.941383	23.075365
4.3314795	-4.132279
18.158255	-10.75382
-18.94846	1.5485361
-13.09228	15.880559
-8.433714	5.2419376
-14.871895	21.359488
-17.268444	8.28648
21.180738	-3.213455
5.567568	2.6672416
-7.0861716	-8.018455
-17.440176	-12.995384
-1.6844245	-17.535301
-12.408127	14.399736
0.21616352	-5.159302
-0.7673586	11.489642
-2.504793	6.2035384
-5.228781	1.6853625
3.7208562	6.9937124
7.2180204	5.9092107
-12.11847	-4.1583905
18.645866	-15.386578
-13.093213	3.8442712
0.5987231	5.428201
9.417075	-11.581448
11.880852	2.5180197
-8.534112	1.8697894
-1.514265	5.610674
-0.59908336	4.814776
8.769944	8.88879
1.4435916	-16.799168
-15.992707	-5.707224
15.514944	-8.576063
17.725828	-9.735842
-13.907159	15.163218
-0.4693703	-21.364985
-19.284246	-4.261503
-5.066897	-3.0793655
1.3186013	-4.461099
-16.646536	5.4876413
17.903122	8.560245
-11.180717	2.8063898
20.662193	3.106766
3.1366637	13.616618
-7.7337317	25.959183
15.458484	-5.3401046
-17.221046	6.2696157
3.7983787	-11.1551
-9.999711	9.5923605
-9.584154	19.830744
7.4844966	-0.72533965
11.110651	2.279957
-14.295017	17.966206
23.284176	-6.3832335
2.2102146	19.854328
-0.82100147	-20.241514
6.674102	-21.884306
-11.228501	24.0148
-5.6218476	-13.6264305
-7.5826693	17.239317
-19.394573	11.526466
-9.711131	-13.930518
-0.8313025	-15.534608
-5.3531046	-8.48798
-9.823158	23.34708
2.811476	14.810415
16.671326	9.79512
16.551664	0.57865113
-12.44002	8.693975
7.948435	3.1268415
-13.072186	18.575155
-16.289015	-1.9950262
-2.311161	-1.3272026
-11.615873	-0.3139545
-10.864063	24.166534
0.16285463	11.675727
-7.1108093	-8.793961
21.02025	4.072838
6.100046	-4.4519777
4.038775	-18.95344
-10.979046	-0.91819954
4.5226316	5.0758615
19.313269	10.10874
15.650548	3.8187113
11.569253	-3.8945868
-8.405453	0.59713745
-6.0273423	7.359395
-12.159094	22.302008
-6.955902	25.408432
-4.3767385	-13.387484
-10.624612	-11.870207
-0.25770816	-17.689528
10.878151	-2.8027399
5.765685	-11.706897
0.99261093	-7.863642
20.594711	0.99143004
-8.058007	-6.8845854
-6.7641525	20.825676
23.175753	3.6624975
11.027513	-9.374724
-0.15872355	-21.014542
1.1524684	11.717751
-8.4412	24.79596
-18.419888	-9.215168
-8.317059	-15.227702
9.219934	-9.874577
23.720188	0.7349236
8.387492	-18.377449
9.501827	4.651316
10.53316	-0.31987792
8.107775	9.175597
-9.877648	25.755953
16.887983	-5.3563895
-4.911535	10.269861
-3.3585217	4.7540774
8.409356	-20.75784
-1.2793523	-14.74336
-10.797307	8.911512
-8.10734	-0.52287704
-7.345426	-2.5441015
-3.6906562	6.177573
-4.1281705	-0.6690601
4.426727	-7.8621426
11.448706	-17.191998
-8.300663	18.11997
-1.4478995	4.109943
-18.192549	5.3821316
-0.3809759	-13.925368
5.9777913	-2.1185868
-12.611287	-11.972639
-6.970367	0.53133017
23.35468	-1.881861
23.073381	-5.1744957
8.961499	-21.499117
17.504486	-8.850864
-8.791685	-6.800153
-4.527213	9.687865
-11.931982	9.466509
10.022432	-11.675499
-14.678006	-2.280359
-9.094289	15.882548
8.68421	0.8164964
2.0361445	-22.947899
18.164228	-15.631916
1.0459764	22.463057
-5.6137433	20.450775
-21.284105	-3.306213
13.7573805	-3.081537
0.41288036	8.078696
13.550201	-18.095076
-1.6021076	-16.333157
2.1959856	-13.736907
-10.79066	2.474625
13.348658	-12.694952
-5.960139	6.221793
-1.777684	21.733343
-16.984318	9.099809
4.991507	-10.145576
-5.8074117	18.672089
-1.6200392	-2.3631399
-12.364134	11.152396
-18.083029	12.341616
-16.774433	-13.162951
