17.479916	-4.8567934
1.8356048	-10.292063
-8.514999	17.949146
13.091797	-12.893707
-5.800184	-20.524675
-16.225147	-11.2469015
5.1657376	2.1178439
6.7905517	18.933767
14.014257	2.8477907
-5.851209	19.62895
-3.0182447	-20.809465
6.417891	-14.020935
-13.440677	-2.785471
11.266077	-3.7056408
-18.088074	-11.954335
-14.018529	2.9373763
5.3716125	18.951162
0.30581293	-3.8885128
-0.118450664	0.9721346
-0.23283304	-4.106576
1.7967726	12.709958
-5.8914557	-19.49309
12.480338	16.651108
-22.67173	-2.8182006
19.954939	-2.2924275
0.9942817	11.962692
18.661171	-2.7354848
11.45679	-2.2525642
-4.6248617	13.09277
-14.312814	3.3685277
-7.0022564	0.03563235
-13.306231	-0.64649504
-23.415445	-0.80300707
1.7079378	10.257466
-22.399471	-4.862872
9.575264	17.924814
7.268661	-23.857344
-16.12136	6.5320926
-11.242017	3.9728904
-21.617695	-5.926988
7.375616	9.19376
3.590752	-16.721958
-10.6898985	0.7769185
-9.480496	3.2564242
12.216866	14.7582445
-3.497263	19.241596
7.4070992	-3.8256946
-6.1951456	-12.581847
-1.4674945	8.33278
4.4213223	-14.789936
-14.786688	-8.069409
13.577693	-9.05834
17.364428	2.0995088
2.1541026	20.206854
-8.773303	-12.618312
5.9607677	-7.0613484
-4.156021	-5.674441
-16.29539	-5.9145017
-3.3005772	-0.2808942
9.947512	-17.446428
5.0411816	-4.100057
-13.5033655	-6.5348225
-2.3351016	20.18376
6.7132206	-10.449212
6.9048295	-23.35943
11.316614	-3.0891132
11.42252	5.6279626
-7.7696395	-0.46899763
18.426662	-16.406164
11.921641	13.834272
-16.43117	-8.265085
-19.002914	-7.6932116
6.251786	0.7081448
9.947123	-18.696249
-3.509648	21.664545
-0.58487076	-14.913793
-20.64156	0.70448774
15.115051	-6.864418
3.4047785	-23.170984
8.415476	12.745536
0.19989388	-17.741499
-12.4081545	1.8946781
16.892664	5.5980315
-0.8390639	-10.906055
3.920499	-17.22914
5.639694	-10.573491
-14.926527	-8.743837
-17.135138	7.680583
0.5220718	7.3911996
-13.379443	10.131178
5.994081	12.616113
-14.188872	-9.454756
-2.1869397	16.817064
-0.8936514	-13.59985
-19.795456	-2.6497989
3.597634	18.458105
14.454659	-7.1250453
-19.558504	7.168304
-15.619988	-11.339593
9.659058	-3.9432817
8.394687	-21.274172
-11.9133215	-10.415206
3.1120086	-11.221348
-9.467429	1.6520076
19.374744	-12.724372
5.3404517	15.807771
8.044643	-3.4018917
-7.321612	-10.067798
-4.909418	-15.011401
-9.232178	-17.247288
-7.9060044	-11.63882
-5.7671776	-6.3262215
16.387331	0.6940832
-4.0927577	-21.17887
-3.3339908	13.472568
-0.4276701	5.037794
-7.8517966	20.70624
6.090222	3.2762094
-8.394018	-1.7507325
-10.608887	7.0714116
-11.121581	8.432819
-2.4674947	21.792744
18.764153	-13.115189
18.370855	-12.463156
13.44937	-9.622917
8.070209	8.064107
6.9385724	17.72486
-6.3008265	0.99566704
-10.525991	2.3775675
-15.643634	2.062147
3.831961	2.4775758
-2.2980328	8.300135
-9.652147	-16.109911
-5.8331256	-10.802284
3.8818083	-14.224643
6.268141	11.134988
3.3695533	-11.077314
-14.57759	11.836137
-20.28153	-10.98622
-2.8280082	18.820263
2.4225514	11.985117
-7.725243	-5.5617256
16.08075	-3.5970764
8.485855	-22.11697
-1.4408848	-12.95178
3.0419016	-17.988935
0.6893088	11.309674
-0.2651848	-0.89673525
-12.178937	18.053507
12.773003	2.9357648
0.9715927	-1.5165641
-15.955731	-9.336977
-5.465801	0.92779833
17.54091	-15.130478
-20.560402	-4.354942
11.909348	-11.111777
-6.0395546	-9.101321
2.0560725	8.649709
-17.259167	-12.694591
-0.48639384	-12.101825
8.195443	-15.02672
5.8095016	-12.446511
17.625269	-16.72272
-12.48001	-10.9663
3.27569	13.330613
7.4079356	7.077793
1.9650458	-5.747428
-17.944464	1.3336602
12.097498	0.0076859347
-17.688553	7.1400023
-17.820704	7.9314528
-8.560963	18.975128
10.234563	2.5801113
-7.892464	19.745718
-6.326095	-10.629939
4.7176147	-13.313344
4.964521	-14.140949
-12.230405	8.516147
13.43099	14.433807
15.237597	-15.725054
18.161358	-0.67364
11.36866	-10.874007
6.3153586	14.2289915
-9.740912	-0.519824
-7.569284	4.05468
-16.954063	-7.6345935
-8.751348	-2.7644901
3.3026948	-7.60951
-5.468329	18.591782
18.386728	0.5724282
-8.570109	0.5447019
-19.650608	-10.499805
-9.185095	19.76544
-9.396059	4.211317
-5.234611	20.209824
17.391668	3.2320414
16.39208	-9.891151
11.72211	10.211382
3.3436117	1.45295
-5.8963194	-1.5390786
12.325457	-12.081554
3.5095835	14.356094
4.8562827	-0.4036056
0.631452	14.675077
-20.932703	7.5096993
-2.5126297	-14.305884
-21.552103	-4.143385
6.188809	-23.06051
5.5272117	-17.355331
11.287053	-7.7615843
-4.7001243	-6.9687386
1.9549246	-8.602311
-9.54832	17.400627
-3.3827047	-21.560736
-13.463617	9.223852
-3.764744	5.392687
6.126353	-10.225377
0.19983058	-0.55179614
-18.185835	-2.1736734
2.2290132	-5.281885
-4.448602	-12.794164
4.2256994	-15.757914
-0.0485623	19.622776
3.2312536	20.25223
-15.716876	4.7856145
-3.3434541	22.320675
8.3604355	-17.417955
0.064321466	-2.806417
-2.219519	-12.28416
7.2795553	-19.699774
14.133864	3.7901824
-0.014332897	8.626733
-14.717552	-0.3678703
-4.7399573	-4.3786707
-10.351759	20.230108
-16.841843	-5.9984164
4.8357534	18.063377
-20.381247	7.450734
11.413084	12.584259
14.832272	2.8315604
11.860893	15.59661
-10.615529	-15.204703
8.9572735	12.346417
0.5236066	-4.9633093
-6.1211205	-13.560605
5.995921	-11.294113
18.863895	-1.5240409
-7.024877	-11.520024
7.585628	-18.555334
-14.05386	-10.748789
-15.024249	8.867359
13.051624	-7.2820034
1.9912205	18.426178
-2.3830042	3.1838388
-4.6813645	-2.5673442
8.017925	-23.207357
-7.634656	-9.288464
10.795781	-14.838813
-12.493962	14.364499
-17.65251	10.250686
20.524101	-11.7815895
3.6234915	10.355912
0.42110634	-15.505188
-19.4172	-11.11927
5.424623	-5.5424075
11.614484	-0.7257801
16.951729	-14.466064
-9.323263	5.6019263
5.929452	-8.733995
14.434935	17.039125
16.308727	4.936146
16.077822	-13.251797
8.54387	-11.134288
10.061983	-2.9510071
10.216177	17.389387
-5.99106	-3.8856432
6.9732656	-0.7432366
5.9513755	5.8156075
-17.98721	4.622743
13.494765	12.956479
4.3298225	5.830192
0.62444055	-10.157839
-2.5718021	13.711181
-8.506124	6.4263487
15.479238	-7.155235
14.376823	-0.46009442
-12.429474	16.648458
7.0007796	-22.56376
-0.21305175	12.990201
-12.706564	7.566716
-2.6533892	9.976213
-13.652355	11.21023
13.0018835	3.8749323
-12.633879	3.645417
3.7207086	9.247724
-1.3864776	-2.7063093
11.642285	-13.226759
10.916872	-8.351168
1.7567097	17.019958
11.403506	16.439354
-2.2811942	-11.794668
-2.3676553	9.73653
-20.479406	-8.888027
11.116385	4.115751
-15.985974	8.489786
-17.613003	-9.752355
-0.70125216	19.731487
1.9778342	14.985513
-8.225281	20.811409
13.721437	15.065658
0.7850859	-12.88211
-17.477993	-0.031864118
2.6772165	19.607363
-1.3253262	-1.5345308
3.2163758	0.8234385
-3.3078024	-18.921616
3.4432786	11.719016
-18.867361	7.978512
-20.908255	-0.077767454
1.3212543	-0.66444695
-0.58752775	-3.0087533
-8.134651	1.7376436
-18.478722	-8.3326435
4.224017	-22.85436
6.02376	14.658812
-5.811924	-14.931202
-2.1757689	6.209753
7.545339	-16.742983
-6.8183713	-6.23736
-7.386375	-2.8158824
-7.281791	-14.662007
15.491031	-5.6042686
12.333553	4.6462913
-3.5048347	12.465566
14.153904	16.158014
0.56323934	-12.305645
15.338372	-13.456827
-14.595242	10.090535
16.56777	2.262009
5.6932416	4.989749
-14.930807	6.200777
-11.034547	-0.3473879
11.3456955	-7.177719
-20.258104	0.046458084
1.9511834	2.5410233
6.2138376	3.2613363
5.7989035	-18.956211
8.63734	-12.936887
-0.73433065	10.801327
1.8861021	-17.423168
-13.636914	-13.639501
10.416108	12.596233
-10.345742	18.91153
21.03721	-12.541203
16.887674	-16.430885
1.3989058	7.2165766
-3.8891263	7.0132685
-15.219485	5.6480813
6.8670974	-2.1903524
6.393869	1.2745625
-17.85558	2.230428
-1.0340056	20.751392
-7.925811	18.075472
-9.76777	18.754429
-17.979744	5.651864
-2.01714	-5.4992547
7.380904	15.696346
14.838874	-1.5828137
-15.401723	-14.002742
-0.36338162	16.599249
-21.104269	-9.183165
-9.331429	-14.6359
-9.826409	-0.84091324
7.0369663	8.126462
-11.688414	3.276129
16.649036	-15.4703245
-9.462589	6.419456
-22.328262	-1.6912626
5.08877	0.15060896
-20.942595	6.9086576
4.542885	-23.540138
9.717475	-5.7208004
16.787676	-11.655157
3.4281476	12.336058
1.0735877	-14.887448
-19.163378	-9.090921
6.9240847	-18.741753
11.585169	4.2639546
6.252256	-3.1990523
-9.447616	-15.012986
-22.765785	-1.2607057
4.443316	-4.2950826
4.752336	1.2665124
20.114645	-13.296875
9.589382	-16.976946
9.280709	-19.46549
-3.9365323	-6.0995264
5.381792	-15.150815
16.208874	-11.23972
-11.885431	-10.958665
6.262396	-16.41775
7.8350015	10.643878
13.639421	-8.221755
1.5265561	18.896957
-8.732399	-13.259883
1.3676245	-16.584131
-2.206565	6.877813
-14.784456	-6.188841
-11.918294	17.440512
1.065892	16.469084
-4.4203143	4.320402
0.53233147	-11.728901
17.613811	0.9094934
12.360522	11.268684
-19.905952	-1.2184569
8.714076	17.719112
5.79335	17.437836
-2.139959	3.6322722
-6.834081	-19.699919
-1.2167385	-17.10995
6.15564	6.888996
9.157628	-9.997172
-4.822513	-16.70289
-16.316238	-0.10445661
9.8848505	11.808287
-13.670708	6.375188
-1.4257172	9.600549
-3.549606	13.739789
18.406504	-1.2135319
-2.8003347	-21.960712
0.3407573	10.630906
-13.423293	0.53036565
-1.0509616	1.6919813
-2.5748777	17.23858
16.08705	1.482282
-6.279663	-2.9783864
10.407406	-10.284021
-3.0659764	17.884045
-7.054635	-18.868265
0.20407352	18.796535
11.742843	17.20457
12.356238	18.193533
18.473509	-9.70337
10.82822	5.983277
-12.824791	1.1044035
9.196644	-2.995327
-3.0206685	-1.6687022
0.5293408	12.907432
13.122456	15.85413
-9.446431	-2.1736588
-8.3388605	-10.150275
-18.82499	-1.1595072
-3.4324188	-4.0560017
-21.645643	-2.3358111
12.054619	-9.361973
-19.839077	-9.381943
3.35328	-12.830019
18.589848	-15.017677
-3.5900555	-1.7899972
9.213801	4.4670987
