-42.86239	-9.892602
28.9485	-36.31821
20.628551	23.918764
2.9118934	31.723408
5.470489	-27.04459
-5.596468	-2.8182209
-3.7241423	-20.89716
19.04572	-10.641179
14.255168	2.2037082
17.020636	-29.894615
2.1314757	-34.34711
-8.836793	-33.79256
-41.783447	26.070192
-37.491856	37.158375
-6.368113	-6.073657
33.575233	20.123085
21.262835	3.8766205
27.515554	17.390638
-31.965887	-9.959054
24.940895	-12.211521
-29.321787	-7.9968863
-18.620802	28.3656
1.9385595	-31.54352
49.901794	22.452417
-42.924465	27.572367
-2.109349	30.215546
7.839723	-4.0913873
-56.48707	-22.248058
21.464832	41.04179
20.826616	-14.241777
4.751966	-41.518173
27.6663	-5.44596
46.198517	8.90001
1.3728971	31.156654
38.1224	-25.636683
21.142595	2.7947023
-29.867584	-21.847692
-44.08544	-24.72515
-35.21528	-9.488158
4.469408	-26.343592
-30.439957	29.500229
-10.906682	-32.9357
-39.288418	-11.348431
-14.282631	24.017061
14.878781	-5.1789503
6.18685	-16.593859
32.460655	-6.5633597
-20.797974	17.42438
-41.89737	-6.349154
-19.500244	-28.27509
-7.8088307	-6.5782504
22.35678	35.953594
18.033472	-5.721567
-28.946222	3.977914
-22.129606	22.090431
19.170494	-28.385733
18.796562	-26.89107
-29.969383	4.762204
25.730656	-26.660704
46.882523	9.901982
-22.791203	4.5685954
-57.68501	-24.892736
14.36414	-8.708902
-36.494606	33.979023
-27.2501	-31.384018
-34.877792	31.251589
-32.292	34.86064
-9.967929	-3.736023
8.817717	-17.43772
10.328611	-5.9678392
-7.625418	-5.3578243
-32.012615	1.4663067
-1.5169011	-14.508092
-3.5768297	-25.276247
-4.0517464	33.38439
32.730606	-35.008076
47.656372	22.03726
-47.400005	-27.623568
19.685165	10.272052
11.31967	15.575111
-21.324953	25.342876
-41.84902	-13.5630045
25.195988	4.290894
-21.049995	-28.700932
-16.84044	-35.278553
-20.982325	-22.257751
-4.294984	-2.5914588
-5.841878	29.470581
-33.08394	39.92194
-39.96717	24.824806
-29.149435	36.534786
-4.963917	-0.532589
9.765196	-5.6180587
22.257046	-15.187601
26.09047	3.1632211
-30.15107	-31.295082
48.35781	23.617863
-36.61713	-10.011249
-23.48943	-8.361465
35.712494	-16.478727
-29.576588	-22.912636
-6.8446336	0.42793053
-25.588623	-30.166576
-11.3553505	29.744413
-37.558727	26.119154
-26.42857	-27.442377
-26.069914	-12.44687
25.684612	-24.15256
-29.183416	-33.33085
11.006681	-28.972757
-18.938698	15.623723
29.340975	-16.832752
-53.36301	-22.746943
-5.3133774	34.48927
-28.608961	3.0956392
22.929722	40.512783
33.53018	-50.949177
0.2499037	-15.616248
-56.769695	-18.335873
3.2406242	-11.790821
-43.67111	26.234741
13.384855	-9.8451185
3.0644033	-30.976202
-34.51555	29.64633
32.946926	27.551645
-30.630785	37.98834
46.560135	12.981989
4.90533	-43.16329
-40.714867	-11.68015
-44.00074	-6.882501
2.216279	-14.661938
-55.93124	-23.284307
-19.232983	13.39359
-20.543446	-19.40199
23.299417	-33.226376
-3.1209838	-17.763008
20.19827	-28.972118
-25.267832	29.218737
-35.01389	0.49759963
5.5733247	-15.705027
45.658966	14.524123
-38.45287	-20.074455
-48.430115	-18.38833
-28.319841	-31.7638
50.0869	8.864937
-17.170584	-34.009945
46.147255	16.447954
-26.502094	-10.92484
-16.996685	11.019157
45.59474	22.882027
-13.18916	30.898178
-6.363881	-2.123403
-44.820377	-14.211047
2.4749718	-37.773006
-44.05085	23.741346
34.953552	-4.4793534
32.589046	19.749876
-29.518023	-6.0863905
39.049446	-24.968296
-37.245388	-14.650662
38.411915	-17.44895
-9.231332	-33.17261
9.896273	-17.44911
33.468285	23.634779
12.944986	16.315977
16.37725	-27.548063
41.4178	-1.1166468
26.527824	4.0349116
-22.092733	-23.733707
-7.9704304	28.723846
29.133947	-25.544365
32.3665	-51.40171
23.985395	42.873623
31.485956	-51.600674
-18.50276	19.040976
22.880753	-33.332355
-23.576824	0.9340734
-51.86253	-22.485685
-30.10658	39.937565
24.199167	36.380272
17.621862	-1.388585
-53.85486	-18.952982
-36.360085	27.64178
25.584324	-5.948673
-29.74221	-8.994496
-45.309616	23.126238
-54.77439	-19.362106
40.023563	-0.75225955
19.625174	18.269554
-43.626392	29.513689
46.926434	17.90366
-5.669665	-4.6108327
29.70691	-29.243006
26.78604	37.78272
-27.510803	24.624517
-30.680922	30.83712
-47.86826	-25.712696
18.304697	20.259312
7.6782727	-17.06907
47.166023	7.9279084
-28.545927	32.83691
42.98897	11.939819
-55.385242	-21.873539
10.842299	14.853143
-22.131992	13.290506
-22.794685	22.987377
51.63843	23.179646
-26.67185	-33.65449
25.13762	35.389175
-38.140507	33.57505
35.27066	-18.483896
28.437899	-36.737743
-24.123919	33.475136
2.1062508	-33.14302
3.9510198	-12.238918
26.900867	-25.788233
-17.307932	-27.022568
25.387169	37.032238
-43.723125	-17.327969
30.970192	30.245724
-22.569878	-26.559832
-26.208298	-29.006039
16.187803	15.59995
15.9586115	7.9269543
53.41471	16.956356
17.839157	12.615235
-31.966526	-19.562595
-4.2866926	-23.99185
32.942883	-20.573214
25.926743	-23.378809
-34.254997	40.01868
-0.82288337	31.2198
-41.855415	25.164837
-39.99591	28.363617
20.598776	35.595867
-45.090534	-24.77211
-1.2190762	-27.47165
-17.239683	22.639193
-30.725054	38.876125
15.685811	1.58026
22.414024	5.341662
-21.09689	13.504672
23.64702	0.2503723
29.664974	-12.105753
-20.304794	21.83753
-37.712456	36.11247
16.86941	-1.696839
-17.864729	17.77543
-34.075916	30.468967
-22.66711	33.09764
16.207	11.335982
-49.4775	-24.71498
17.915163	15.522306
-28.076916	-2.522859
24.246895	-12.635229
-31.006002	-22.230669
18.120739	-25.807003
-2.415508	-2.3830829
-14.428916	12.297887
17.608921	10.58434
25.28024	1.1640452
44.945797	15.362597
-20.40616	-29.720201
14.644698	5.8921785
-24.081598	1.3891475
-30.84859	31.992735
1.3744055	-37.552242
19.252642	-14.9215765
30.709805	18.839077
-30.732239	-29.370775
19.626532	-11.946329
31.389214	29.576351
21.978376	-14.012467
-53.91318	-24.63863
-3.6363842	31.81134
19.178408	42.703583
39.788548	-1.8643777
4.357377	-16.492048
-42.92066	-21.79015
-31.105679	-31.930464
20.469183	18.181784
28.314001	17.943676
-32.89559	0.1352676
8.71301	-3.9835112
48.916893	25.131962
-33.756416	38.452156
20.904179	16.641863
19.92966	22.401066
51.71229	16.495697
3.571782	-39.131584
47.42008	15.830068
18.360844	11.87086
14.926509	3.513353
21.478775	36.564663
-33.522778	35.510544
30.155117	-13.257584
-26.039827	33.235138
0.6696439	-5.9795394
10.083537	-31.431192
-26.469934	29.561148
-18.505215	21.62339
-42.433594	-5.4141984
20.455051	-12.515477
17.814919	-23.567724
-41.055706	-10.717038
19.9781	38.755314
14.41444	16.500616
44.49386	13.773669
-15.367916	13.177996
-33.31057	-21.713083
37.7808	-17.72016
-41.90916	-14.64036
15.119598	-27.949099
31.302143	-13.526271
2.8457942	-15.652596
-28.718145	21.965708
-1.6773498	29.295334
-15.466091	23.069284
27.297915	2.2229316
24.821966	-27.639624
-32.46627	-1.3203071
-32.71315	-8.74786
-7.8633666	-4.2539434
-13.624085	-32.34944
4.294184	-30.581505
-20.611908	-21.50799
-1.6198486	32.526783
34.348034	26.575346
-38.645756	-20.871464
27.393997	-11.772844
-21.166332	31.77468
23.835669	-3.9904723
-55.70524	-20.859264
22.706514	41.547424
46.673615	11.916736
-24.344584	-9.813708
2.0192542	-36.855858
-41.096	-9.744662
-54.6216	-23.060028
2.3349655	-16.591402
17.128483	33.15714
22.121426	37.90609
-25.20486	-2.1571107
1.9454796	-30.163208
23.522102	-28.550661
-3.5834994	-15.157704
26.683754	34.334972
-49.54595	-18.918116
-2.111736	31.302515
22.404358	9.706196
-20.5285	15.280248
-0.30868712	28.594555
29.700266	-28.540382
-3.3781536	-19.558947
33.365467	-34.745514
-4.076772	-22.708519
24.603779	16.352419
48.36317	9.858476
-3.0971956	-12.637011
-0.853343	-15.071556
47.652576	13.931422
-29.314354	28.251923
31.948225	-50.38944
30.534405	-50.95003
-8.823322	27.93663
35.39554	-17.53098
15.394271	-6.343493
24.733232	-10.340083
13.136577	5.6321783
15.634826	-26.591328
27.684193	-7.415514
-20.831957	22.857697
-36.157173	0.7722258
44.033665	9.749345
23.345608	37.41403
-40.063538	26.866894
5.5760694	-42.297184
-43.268715	-17.810934
-25.242594	-10.440462
-19.004152	24.33408
9.99006	-29.405579
35.053936	24.93052
26.876373	1.1794578
45.0807	18.01063
34.16199	-25.020786
53.16128	16.22532
43.338722	7.872758
-4.995147	-6.7139707
-34.17797	37.742188
-29.626707	23.45761
1.5250331	27.41066
30.260973	-17.838274
36.666595	-25.395391
46.51209	19.990435
-17.44406	-33.182858
21.211048	9.697754
37.252087	-0.7811558
-24.497044	-31.007711
-37.14893	1.5077714
-3.6249313	-0.70488715
-30.721943	23.30604
43.597904	10.929587
35.074142	-3.9431598
14.017234	-28.175888
-18.81307	16.321527
-29.49466	-28.245533
-39.576332	-6.0674286
-43.318623	-11.322776
47.738026	5.2684283
14.602458	-11.103197
-15.825333	19.447521
43.09237	19.627836
-34.99655	40.860886
-32.71025	-21.069693
50.40086	21.91274
-2.9460962	-25.972095
1.7682793	29.818085
-29.067106	-4.7883186
-42.81171	22.595987
32.197807	-26.630596
-3.5985384	-16.343643
39.951492	1.1205812
-19.108105	27.551567
-44.370453	-6.010724
-34.217598	-21.319054
17.788717	33.60152
22.951532	-2.9705274
17.997435	-21.63657
-43.704285	28.699438
-32.439053	23.184557
24.378778	39.661594
-39.894703	33.01305
-57.830734	-20.53874
-27.615225	-29.403896
16.324972	0.09879626
25.774475	16.223146
0.3687851	-4.615014
-27.865253	23.781557
4.768479	-25.443092
18.038153	16.653084
18.000109	-6.4581704
0.21675207	-28.872229
-45.95281	-5.941135
23.701174	33.62578
-37.746033	-14.727434
-58.05724	-21.762308
31.53021	-20.081282
49.751347	16.792915
15.779464	-5.2018533
26.765884	-7.099651
41.43454	16.102705
-42.37171	29.41123
27.8415	-13.114359
-27.558287	29.336319
48.967113	11.138348
-45.813927	-13.442403
-24.85626	-29.380867
35.285187	-25.115065
24.465763	-14.550703
-28.815283	-6.822685
