-16.162184	-7.401036
2.3412602	-8.45641
15.750719	21.2488
17.208391	-14.536221
-13.280616	6.753385
5.26586	-6.7095566
9.366624	12.080232
0.36313576	14.419018
2.7038171	-10.198481
-6.7871013	0.99886674
-15.530573	5.668307
-11.227517	2.057075
-7.046985	-2.453401
11.0246935	-14.475464
-1.0848467	-3.5232072
1.7632426	3.7266
11.829887	-1.1021286
2.5836575	-0.98766655
-17.199259	-3.6489506
-5.1590133	16.437347
-20.306463	3.5738256
0.5627668	-13.902044
-14.402903	4.8031693
4.29081	-2.5936182
-0.85740024	8.896047
15.328637	-15.161114
-10.855947	-13.448913
2.0172875	-25.08043
17.259138	25.363354
-1.4678638	16.507532
11.265871	-4.2782674
-10.824114	17.462639
-7.373559	-8.604018
16.397852	-14.242267
-8.135046	-7.508986
12.097525	-3.4203794
-3.9780734	-5.704324
6.562414	14.503854
-15.850841	-8.5894165
-9.509542	2.3484318
11.652945	7.314906
18.698494	-14.683684
-12.703192	-6.7384863
-3.2131777	-16.17001
-9.383245	12.725485
3.7400734	15.483682
-4.5480914	14.884491
6.7480335	-24.325443
-16.748674	-7.7830257
-9.294365	-11.720885
4.644705	-6.915039
15.738697	23.494965
-7.329718	14.671492
14.046602	6.2292013
20.752762	-0.5433252
-6.7090316	2.1986856
-5.692992	2.2634745
13.026363	7.551946
-6.0569067	3.9403265
0.14382459	16.78123
-16.319212	-0.29782882
2.4019616	-27.336426
-5.645361	15.627328
-0.8652462	12.315381
-5.049054	-12.165706
2.684687	6.3620224
-4.784634	-19.426537
-14.008205	3.2485824
5.099157	14.319526
-12.207747	-10.301437
-0.5561807	-5.206762
-15.602779	6.799702
9.83844	-5.4273
-15.129943	-0.030986074
16.959438	-16.003973
0.19052584	-5.557071
-16.68642	-6.6607766
8.065997	5.2895007
4.747096	2.0861301
-12.804676	-14.4961605
-7.555516	-18.725382
-14.392177	-10.678075
-9.022846	-20.831938
-0.7855099	15.068275
0.96114755	11.311207
2.3467383	16.397285
7.041953	-6.75659
14.620119	-15.298282
-2.7654886	-2.2365522
-3.2608113	13.889899
-0.34741575	-16.57189
4.7303033	-7.8750205
-11.560348	-12.158029
-1.3772682	17.383324
-8.238824	-20.798607
-2.6945236	-12.023194
1.6875135	-14.988981
-11.723503	-6.3969617
-22.059986	7.201757
-0.5249381	12.62892
11.329673	-14.987579
1.6975669	-6.725407
-5.662488	-11.155659
3.090184	-6.986096
-14.287003	6.153916
-6.3346734	-12.350203
10.93547	10.052207
-5.61909	4.166283
-3.4481757	-11.276714
-7.2333393	4.890476
16.696148	-1.4328928
-9.449912	6.6753774
4.4409394	-24.574057
13.845048	-15.818976
12.233405	6.4093165
18.247168	25.25331
-14.20194	17.134892
7.423351	-0.19858581
3.9273643	-24.416159
6.0574784	-5.947238
-8.487577	-3.482999
-11.575716	-8.740504
-13.304384	5.04408
1.2669635	5.6596947
18.641317	21.49394
-10.585096	-13.870592
7.6627326	3.058874
-19.398676	-13.429813
-13.630177	-8.858223
-18.026524	-5.8038073
6.342817	0.3081737
2.3536947	-25.675243
19.702026	0.18091306
2.7562435	7.106974
-4.6181993	1.8880099
21.093801	-2.8820827
-7.4345593	2.2303915
12.220534	-15.025106
7.0252423	-26.532227
8.224884	13.503695
12.158977	0.3470637
-8.272523	-7.3467846
-8.235472	-9.822404
-4.083633	-11.898479
10.367497	9.539377
1.763025	10.838723
-18.250864	0.9597722
11.232648	6.771124
20.865452	1.3301069
-15.627321	-6.2258587
4.627534	-10.262351
0.1102712	-6.3629518
-9.975553	-9.32979
13.435545	-2.4207027
-7.305302	-1.8686693
-7.8599687	15.027652
3.2674909	0.09434012
-19.701195	4.4826527
-9.11092	-2.1851108
-17.710777	-9.133911
1.0210073	16.218884
17.586443	-13.722148
5.1815457	12.115014
16.415224	20.000017
-9.650286	-16.790356
-2.9318078	2.4007816
-0.2591871	-21.884077
-9.372162	-21.179388
-0.5918488	17.640306
1.4516544	-13.7491665
-2.7642155	4.4685225
-14.126864	17.846846
19.745054	24.344265
-14.210731	18.025932
17.683403	-3.1981127
-4.820417	1.5025446
11.158024	6.2866015
3.889626	-23.086288
-6.4166512	-3.4760323
17.674263	23.46811
-11.080611	13.838661
5.0016155	-27.274868
-1.3178996	4.9822493
-9.531497	14.567824
-19.144552	0.30938426
-8.059199	-2.935988
4.53444	-26.497028
-6.492639	-18.198181
2.2669106	0.19758514
0.002171167	8.940448
-19.52569	0.17573643
5.0108385	-5.143879
-1.1778938	-2.152176
17.996792	21.95264
6.230756	10.875977
-1.2209623	-12.0301075
9.170845	0.9714999
0.73919564	-1.0174983
4.9813433	13.839562
-8.74749	-5.655835
-11.823084	-16.238005
-11.839393	-9.921788
3.878985	-25.735989
-4.5357513	-17.13333
7.325654	1.2435238
-9.77065	11.534426
4.733772	-1.5663841
13.043197	24.374702
17.544525	22.874092
1.0479891	9.649803
3.0268662	14.450907
5.778851	-8.436447
-10.038722	-1.6153
-15.183105	4.576731
8.062787	0.29274732
-3.2624002	5.0929933
-0.022639196	-9.2099085
17.097237	22.821318
2.767853	-21.569416
18.177753	20.936548
-2.2517476	17.668154
-6.613244	-12.047428
-0.0820021	2.6916912
3.9375663	2.914331
-14.77538	2.707321
0.53420615	4.0556507
-10.697733	-14.836752
-13.179726	7.9626846
-2.8203726	9.8292885
-5.158377	4.8888054
-4.1662197	-2.6428473
15.286873	-16.192913
-7.657594	-1.7146368
14.61516	-13.617304
15.01463	24.313328
9.409343	1.0524021
-12.8147	6.0857663
18.951124	-3.8936224
-5.775745	-5.4262776
11.997567	-4.1425343
3.7797563	4.0064163
17.423721	0.39023113
16.510054	-3.5512898
-11.824406	1.589585
18.473877	-1.4647444
-3.734543	-4.8177466
-11.851933	12.830738
20.039673	-1.6468192
0.39100185	6.834318
-1.391052	18.433022
1.8599125	0.94726294
6.738945	-25.93797
-0.78249884	3.4427397
-18.280577	1.8757706
-4.528861	16.081022
-5.796221	-5.424741
-1.3078848	4.312198
5.586691	0.11169487
17.092415	-0.5012646
3.9289467	1.6335548
-7.3948245	-19.921963
11.603826	3.812673
-4.3084874	18.459974
7.6752725	-3.6038167
11.360805	4.774028
-2.7307117	-13.795924
12.828115	-1.0837317
-0.40748465	15.70974
1.5423845	-1.5291405
13.916461	6.92775
-2.2383742	15.899852
16.896833	21.654934
-2.6054177	17.71486
3.2271473	-24.274313
16.118793	-15.9825945
16.5658	25.870506
-6.114206	-17.91326
6.494184	10.38894
-2.609841	-13.9938965
-1.7393279	-12.007572
2.4934297	0.59232384
1.3798801	-0.7023731
-19.492945	5.2629356
-12.661349	-14.372458
5.3575993	-24.161718
-2.5218892	-6.4469023
4.1030874	5.967669
13.333989	21.33339
-14.640642	8.340853
-9.792325	10.482102
-13.971239	-4.601577
1.6781436	4.5106826
10.082077	-3.8516982
15.919194	24.186832
-9.161612	-17.662405
-11.750136	1.7820331
-11.698281	-5.5901504
0.70320684	-9.184979
-9.14986	4.4368114
16.413921	-9.755018
18.146002	-2.5541933
-18.337023	-0.77379584
-3.6071384	16.013441
14.044299	20.518631
-13.811629	-7.8941283
15.152946	23.261812
4.0117283	-1.5506388
-16.273663	-4.185671
16.797709	0.21447803
-14.275676	-11.616978
0.70490944	15.797067
-15.876271	-9.948605
-1.6784291	2.0737379
1.2636628	-9.2255125
6.1842313	2.2850106
4.112391	12.168272
15.625962	-14.666726
-3.3736546	-16.766851
-7.670066	-21.481173
-16.19119	3.9410076
-20.287409	5.1458764
-19.666965	2.805592
0.16865985	-6.8031974
15.014632	-13.754289
-12.850904	4.218143
2.0466633	15.775417
17.189962	-15.097862
15.655019	25.634993
-7.1136436	-9.533278
-7.364787	15.702512
21.301682	-1.0398288
16.79505	2.4191995
3.3437061	-26.086264
18.467993	25.250233
12.680617	8.088995
-21.823635	7.533722
12.817917	-2.3744223
-15.157912	-7.3371882
2.8772025	-25.198439
5.8977475	3.1940746
1.901831	12.503194
16.458895	23.543144
-17.722122	-1.8420788
-14.068855	4.349334
-5.7941675	1.5277188
0.9178092	-15.837625
18.920187	22.633093
1.4032598	-23.851488
16.186268	-15.191518
9.66966	-2.9743567
15.435871	-2.2083771
16.019735	-13.278124
-3.7602937	3.3216097
-11.988243	4.2343216
-15.163766	7.4050097
-17.694012	5.3759904
2.6632242	2.347831
11.492717	9.634286
-1.0767049	-7.411639
7.1151395	-8.385451
11.733145	2.6079772
-21.41107	6.3688745
-14.593968	17.65387
-13.223154	17.752007
2.0302708	-14.102256
-0.9765331	13.484884
-9.102064	13.446262
-7.5639114	17.887033
12.055412	-5.2831078
-6.5951533	5.0411286
-10.690922	16.879452
-0.23447001	-21.22055
5.3267236	-26.294666
-10.227584	-9.850448
16.841833	24.089409
-4.4749303	-1.6207772
8.48186	-6.035796
-12.485192	-12.860712
13.404686	4.879824
19.904558	-1.2690144
-11.157573	5.5255885
17.749725	24.385582
-8.522236	-20.679058
-18.007534	0.36645788
5.51538	14.583157
-14.774471	2.5158098
-6.452102	-10.3582945
6.2771034	-7.9944425
-3.6849444	-5.8485975
3.8332775	16.192596
15.8937	-12.212017
-5.3834476	6.620689
2.1830745	18.393215
-18.870098	-0.6365559
1.3116176	12.59162
7.381541	-2.6781268
-6.9256234	-17.824995
-5.2375	-11.302027
5.9284925	-25.542519
6.4064655	-6.9708095
8.738775	14.447372
-11.122842	-9.799216
-9.983525	16.966162
-2.1320457	1.2952584
17.357582	-1.7288065
11.415174	9.045255
-17.953928	-11.030057
-15.112714	-9.578884
-3.9462492	4.657583
-14.176776	-13.705062
-0.16147003	-14.01492
7.752744	-5.343353
-1.0907248	8.428699
-13.894273	-12.143319
3.6507885	-21.489986
-14.235726	-0.45978615
13.98235	-15.103652
-21.321074	5.4375324
-2.8174284	15.324532
6.4920855	2.9017658
0.2702052	-16.51606
-12.026469	-16.745928
1.0860829	-16.738758
-17.670593	-5.116332
-15.121113	-10.705501
13.960894	21.576475
17.061617	1.5468622
-9.277425	-2.898412
0.57565707	8.585925
8.538314	13.151334
18.74626	23.849855
1.7301332	8.975918
2.280144	-23.998323
-5.7527485	-12.888806
-11.402948	13.137003
4.5471826	3.1502433
-0.34243155	-9.146102
20.166445	1.2132798
7.307242	-7.6427293
0.036024004	0.39076465
-7.382536	14.290328
-13.581471	6.477283
-18.537127	-7.3105617
16.090958	21.994284
-17.982601	-9.883863
3.179065	-25.070837
-4.7644014	-2.0425453
12.0569315	0.93405783
-9.832034	13.233467
-8.6108055	16.859303
16.625772	-2.2557242
0.9334236	8.249349
-4.217117	17.651108
-19.467955	-13.409023
10.111252	11.253624
-9.889218	-8.472546
-5.555934	-10.532111
1.7330923	18.55708
-2.4734046	19.519846
-20.200375	4.46677
