-12.797031	0.9306182
9.04054	13.659606
23.243124	41.95278
41.407143	12.519659
13.349584	-15.061898
-0.7702955	-12.975821
4.753822	-4.1375093
-5.1687803	-49.029255
29.993013	-11.321411
-14.224999	-46.545105
-14.590623	-41.242096
-18.593283	22.246748
-26.96016	57.676483
-18.414925	47.859344
-19.188288	-28.950808
39.89859	9.589753
0.5046473	-43.77173
-28.99097	-10.931851
-20.01576	-37.432884
21.877693	-38.61698
-25.616613	-40.69358
41.15417	17.776594
-29.962921	-31.311535
35.545605	10.8139105
-29.692816	58.31864
-30.040749	-11.292876
13.756378	-38.323204
-13.761522	-35.675446
22.250664	39.28427
4.9978766	-47.090305
-27.034615	-13.049542
14.905781	-10.46999
47.403004	8.373142
53.912052	10.45153
13.549949	-9.794836
-11.995949	-39.53852
-24.452112	-33.95429
-21.538929	-41.74312
-15.007067	-30.395033
17.504946	7.604175
-10.030367	22.389824
-35.676495	2.229111
-21.74143	-34.407177
5.9648395	45.53822
-5.387586	-50.738358
0.2657322	-21.666792
19.35193	-8.131567
-35.165173	59.698135
-3.5874655	19.582497
-17.439484	-38.855988
-17.272612	-30.690775
28.100931	38.063057
-6.398365	-50.495335
-7.9610176	21.472767
-7.5708876	36.723907
-12.51044	-47.869762
-10.681415	-49.924522
-5.3033576	12.15144
9.291176	-41.279167
53.407272	8.238793
-30.212614	56.076416
31.076897	40.8371
3.0055704	-49.69155
-4.3610144	46.524334
-38.75358	3.098677
-13.98101	42.15071
-12.767856	42.575752
0.14650214	-11.054497
10.849149	-14.839109
23.495228	-46.753178
-17.879084	-28.732466
15.069495	8.488255
2.6915696	-9.72097
9.8604355	10.938487
11.509762	12.234571
16.59028	8.234539
34.648735	12.398238
-34.721832	60.549114
18.379635	-12.847341
12.173919	9.949447
-5.1471705	39.435776
-27.734814	-27.480549
-3.6776779	-47.719242
-20.321152	-31.725426
3.1077187	-45.269295
-7.826727	1.5837935
-0.9831761	-15.804757
-10.240161	9.682095
-16.389431	50.57713
-21.29183	51.17712
-8.122781	40.66297
18.80253	-11.829844
-6.648435	-54.053944
10.5290575	-41.688435
16.816248	-36.195095
-36.817093	1.9125872
36.38293	11.924806
-23.424776	-34.00067
-28.120691	-29.61001
27.409178	-34.935036
-28.767233	-31.886961
-8.663009	20.327206
-35.226273	-2.0565867
-18.15266	31.88543
-20.58132	55.233925
-13.675195	8.175149
-38.091557	1.2814776
26.260342	-43.973537
-33.83122	3.961196
-8.364143	-55.853287
-32.518833	58.79366
22.666677	-46.447536
-27.09746	-1.4433292
13.858525	8.506136
-8.8211565	19.546843
25.61557	38.501133
24.856657	7.6930356
1.7810676	-16.681484
-21.813932	20.572306
-15.946066	-31.375568
-31.364164	60.32163
3.6608927	-50.613476
-35.86671	-2.4886951
-17.209852	47.58392
35.91036	33.39639
-18.628916	51.92422
49.502132	12.1940365
-7.3439183	-56.358543
-14.15704	-1.2704488
-1.1610628	17.795254
-1.0457019	-19.460314
-34.446247	-5.1850286
-31.92386	62.34208
-4.0894456	18.376348
-21.501528	21.384789
0.48426107	-18.26576
-17.212109	-45.20517
-5.5423346	38.32581
-6.262516	11.182941
3.051797	-19.435791
53.008602	9.491554
-26.788616	-28.210854
-30.481308	-4.089433
-37.96159	2.4345462
47.577377	3.7523236
-19.669172	-31.608248
40.38411	10.350565
-41.9495	-3.6228766
25.95598	32.43926
9.035324	44.66706
-18.971092	55.525528
0.061067834	-11.948461
-9.006916	1.565847
-13.886128	-36.9151
-30.44008	62.804203
30.119387	7.627768
36.78216	9.710479
-29.457159	-29.565325
11.907097	-15.239493
-37.52076	4.109333
35.14663	5.9574966
-17.021889	24.173496
11.19557	-10.553812
36.862587	33.37883
10.104358	-13.528982
-10.279714	-49.20466
-19.055895	19.761362
6.7486906	-19.028597
-5.040294	17.910208
-12.727107	23.278843
22.335732	-10.629511
36.51661	5.965917
0.7612261	23.311747
52.926266	7.1662016
-13.367304	43.08294
-20.88334	20.579485
-18.647293	31.041157
-28.80845	-3.2857976
-22.598925	53.569916
27.05403	39.487537
-14.052471	-40.383526
-31.146622	-11.850078
-23.794083	53.686253
16.508947	-40.080315
-23.8629	-41.09726
-27.505615	-39.539516
-26.655485	-11.838659
37.24336	14.090734
16.726532	-10.089029
-30.651636	61.415127
38.98475	11.668591
-1.3608719	-16.637575
18.581598	-10.2494955
30.630476	41.486897
-17.401455	52.114567
-10.504933	23.561367
-27.526043	-0.40088505
32.495766	36.701946
5.184488	-19.238998
38.896	9.13651
-6.915855	39.22889
49.328102	10.785357
-25.307451	-14.307808
19.313684	7.7967463
-29.333652	59.431587
-6.3339314	36.20987
33.573994	13.894545
1.9307803	24.015478
28.922493	39.28191
-15.028401	50.463398
25.116056	-40.804108
-11.665831	8.299026
5.2494316	45.769184
-16.669632	-31.682877
-0.85341936	-21.011719
9.202754	-45.657364
-15.367343	-39.55378
29.094309	40.53724
-12.623615	8.477915
-21.807512	48.947968
-10.39267	1.393153
-28.852472	-33.20612
13.352079	-20.720114
13.047855	-10.447896
28.907814	8.232953
21.330027	-13.142729
-26.887737	-38.27489
10.952497	11.034124
27.664946	-34.247627
23.891485	-42.77636
-13.6409645	45.429527
-23.282368	-15.396548
-24.40367	56.280773
-25.897022	56.81231
26.936134	35.61747
-31.34265	-2.9129264
14.898821	9.467724
-12.259255	40.125397
-17.709127	50.86945
-15.718752	-30.03814
-0.8059822	-50.165424
-29.537905	57.445698
-28.26727	-1.943575
13.191558	-43.241714
-8.500012	36.444065
-3.8065908	47.622604
-14.126497	-44.641384
-23.370594	57.533516
-14.912547	51.498363
8.1097355	45.923832
5.520727	-7.1000586
-30.431292	-2.524804
18.805714	-36.52731
-12.740263	14.811442
24.527845	-43.725624
-26.293116	-36.956898
-9.152967	-49.879463
3.9745643	-11.956512
-39.518852	-0.55876374
25.321365	-37.491997
-24.931957	-9.972375
46.411858	9.427554
-29.376076	-27.805775
5.8132114	-4.485208
-12.6275	14.328683
-7.5310016	35.470753
-43.279198	-4.369463
15.9791975	-37.489056
28.725166	7.0007505
-39.45488	-1.8872072
2.7615733	-48.716183
33.979588	36.742207
2.083885	-44.636765
-40.78569	-2.8673167
-12.449507	7.4056754
0.38863945	22.864185
13.308049	-22.705944
1.1792419	-19.348463
-33.74424	-4.977547
-35.154545	3.2818248
26.69997	-35.660347
7.897126	9.987546
-2.4801016	17.751522
20.21381	-11.16927
41.02949	16.9572
-23.036491	52.26442
21.098745	-37.397232
24.838745	40.049496
30.645037	8.547925
-17.315708	-44.01669
42.37597	12.653738
13.06441	-37.181087
12.322797	-21.806982
26.992218	37.198017
-16.321888	47.26792
28.062622	-7.6178904
-3.184932	46.447575
8.211314	-21.791174
-34.044003	-7.9374948
-3.2951071	39.743317
-14.5792	23.764004
-9.591941	24.176908
1.6213799	-48.792164
-3.3952832	-51.314655
-13.717513	-0.43096697
22.22817	41.66321
11.802828	-11.764736
48.04857	11.25318
-0.54911965	-43.54685
-27.427113	-33.928783
35.859135	5.2944016
-30.454653	-28.463976
-7.0424037	-52.08345
6.891795	-44.917965
3.5105963	-17.550413
-4.939982	47.40117
-20.825834	-36.589962
-11.475001	40.853058
24.240383	-10.194874
15.258615	-37.3969
-0.8263365	17.107548
-20.468428	-42.12688
0.08369254	-17.314632
-30.705269	-29.98627
3.6307228	-2.1677523
6.300195	-3.103806
-19.622082	21.142048
36.169796	32.664707
-31.659477	-11.002112
15.474244	-41.706627
7.541646	45.493393
22.380827	-44.947956
-29.84786	-12.266099
22.407112	40.101707
50.440468	12.285706
-19.548336	28.893589
-14.712411	-43.007725
-15.5439	-2.479095
-40.016224	-3.83212
3.1392264	-16.812817
26.258883	34.113815
25.717953	40.68806
-14.8684225	21.57226
-8.376715	10.204211
-25.71177	-14.842805
5.233301	-3.193869
24.53319	42.155746
-29.551561	-4.270885
-6.7390046	10.631099
-12.716161	6.2700496
-21.645922	54.792423
26.196712	-9.644346
15.555505	-40.87753
2.5817916	-8.59213
23.476416	-10.291764
12.874798	7.9613643
-4.392712	-47.856037
52.436745	8.394142
3.0304515	-11.061134
-0.24748132	-14.563636
49.203987	8.746079
-7.315734	37.81548
39.520638	7.5007915
3.5068438	-44.592358
-28.832287	-0.27679494
24.0826	-36.254353
-9.068882	-48.12057
22.18228	-39.471912
13.68941	10.183983
-8.290303	-47.87851
11.55765	-41.902805
-5.164985	37.378838
11.385295	13.23875
51.322193	7.9729333
27.315617	38.702488
-23.510733	55.33931
50.308475	2.6748383
-11.678968	1.9227294
-40.898468	-4.3226533
2.7411566	44.676636
-32.878468	57.06963
36.94674	31.569185
20.910347	-13.81733
49.342068	13.975828
22.649939	-37.496243
26.074184	7.6769495
48.020317	3.492048
-20.41893	-28.331543
-16.545782	48.79086
-5.5475125	42.53999
22.368925	-36.233078
27.422657	-8.334507
13.327259	-11.3302355
40.766724	15.687729
-21.244915	-37.641567
6.860738	-6.294765
32.080097	8.125154
-36.609238	-3.1385028
-13.546535	22.487728
9.912356	-42.456123
-5.319528	41.477776
48.54385	10.085309
27.660496	7.6727133
-7.43122	-55.246517
-31.15539	57.004917
-37.942192	-2.6241574
4.446774	-6.416904
-13.001286	-1.2874364
50.287342	10.946736
23.313848	-43.84343
-19.000889	29.941973
42.574913	13.72753
-6.001088	44.620598
-25.983583	-35.058704
39.967342	12.999167
10.058873	11.864525
38.88832	13.90141
-13.725715	2.682763
-29.437454	62.058064
26.217358	-10.790269
2.6056056	-7.436943
46.16227	10.226313
3.1892002	44.848965
8.404787	11.942539
-25.014086	-38.89259
26.017328	36.006264
-13.431621	-39.3928
-4.9086437	-51.68023
-31.871836	61.276405
-17.311914	53.372704
27.332788	40.555283
-19.926065	52.252083
13.077571	-44.24401
-30.197878	-32.913006
-16.415985	-43.286617
13.505983	-21.785713
19.819027	-12.579381
-6.419564	44.004425
11.402387	-21.942984
23.562632	-37.864117
7.6489434	-22.285826
4.844954	-2.3546758
-2.4869437	20.334568
30.572231	37.753845
-12.5227585	2.5754857
49.343193	2.8493094
25.0862	-39.767803
33.9044	12.727927
-13.38113	-46.873714
12.480967	-39.822536
10.344644	44.68562
-28.1222	59.800407
8.377938	-45.310543
-7.4496326	41.40142
41.66901	7.4326267
-1.9302174	21.395771
-34.72947	-8.011042
18.963257	-37.84919
6.3514037	-45.869015
-24.777605	-40.174465
