-21.959202	6.3527937
4.1474404	-6.6391296
6.5704117	-10.304179
-15.179946	-0.7452594
-5.110694	-21.88866
-1.2717638	25.30539
0.887751	27.13233
-4.5105085	-9.541504
-8.341391	-21.121416
3.6481352	-19.79934
7.886862	-19.038958
-17.520508	-1.7836939
9.594526	14.861786
-14.398647	6.5409927
-3.067467	26.201607
-3.278303	-13.996165
0.96745765	-21.750732
7.8423557	-8.885068
-22.196463	4.4104853
-7.8879867	-15.44214
-22.094042	1.9414364
27.300783	3.0483665
6.845399	-19.872198
-15.524259	2.3987799
9.111461	14.594243
-15.708571	-4.582114
5.774515	-7.565849
25.900105	-3.289441
19.041344	-5.366306
-6.984194	-11.3692875
9.328845	-12.506119
-9.566475	-18.135746
11.422066	1.5171124
-15.562799	-2.6912284
-6.7947493	21.01146
-7.8413157	-23.228867
-18.105677	5.8438597
-20.666834	3.6907675
-23.237144	5.6945643
3.022477	-22.267221
25.65942	6.1462917
-18.684755	-2.2033017
-22.102251	5.675049
-4.2328253	5.3683243
5.8357143	-14.56992
-6.2514987	23.879272
-8.940742	-15.11197
3.2222443	16.680006
-24.623606	8.235401
22.636631	1.3424002
-2.395384	24.56737
19.63394	-4.0688877
6.2784705	-13.831735
25.859179	4.9991813
-2.6771646	11.664559
5.996853	-18.128792
-1.6071457	-18.620808
26.366774	4.4169307
-3.4982471	-18.364792
11.54138	0.6159065
-23.138046	-0.5665625
24.878025	-1.9893165
-4.898266	-10.943264
0.47246376	10.296526
24.485342	2.335707
2.0355947	8.562501
1.0417527	11.563973
-0.33814138	26.772116
-5.777072	20.931948
-21.337126	10.027949
-2.7669504	26.680862
4.9229765	-22.67131
-2.6563532	21.586323
-6.7148185	0.9184064
-17.50542	-3.677525
-5.282874	-20.310669
-15.298021	2.6909842
-21.017996	2.3199368
-1.9473896	-22.629116
5.1881385	-8.9718685
-1.7659764	11.678497
-21.849094	6.940776
-0.02181649	-7.9893517
11.868292	-5.665113
-10.41895	-2.9567966
11.425437	-5.549442
-1.1205044	24.717518
-16.805725	-5.4586363
2.5816638	10.80685
9.826265	15.532144
2.9244878	12.664999
-1.7448163	27.460926
6.27239	-8.40236
-8.0421505	-11.012876
-10.812702	-19.62337
26.434977	2.6880846
-15.242304	1.6333234
-21.964052	5.0468354
-21.600584	-0.005455047
-6.1554685	-16.200542
-17.769047	5.9974065
-7.346861	19.278057
23.973425	1.9678489
27.167583	5.2259393
6.451578	13.283666
23.78741	1.323426
23.620182	4.0220623
-2.5669527	-17.631506
25.614697	1.9959612
4.293686	-18.52986
4.922951	15.882656
-4.4754667	-17.775673
26.278753	-1.3750535
-8.6534395	1.432602
25.160456	5.1986947
18.54701	-5.2175465
16.214384	5.1817145
-8.9725895	21.528074
-17.441338	9.870542
-3.2550228	24.310923
8.422501	15.269976
2.9589338	-10.82405
6.253108	-19.790617
-13.275252	6.804156
14.063673	-1.2004867
2.8413682	11.735671
9.993752	1.5007447
-24.460674	4.927961
-22.137613	8.345592
-23.29197	7.3865743
-3.5688002	22.53097
26.00839	-2.4138327
6.1796265	17.153896
-19.455208	2.2851992
-1.9233404	-15.816658
-4.4172316	24.818264
6.924176	-18.155476
-8.77605	1.7083099
28.287426	-1.7268516
-5.8315916	24.09164
9.323322	2.415552
-20.75567	4.933675
25.022825	0.5162293
25.44188	2.7280517
-8.643211	-9.723633
-10.787066	-2.6337152
8.878677	1.6189377
-25.365074	1.2905191
2.0790577	-10.635634
-17.06473	3.8744016
4.9117594	11.039975
-1.5125679	26.794374
-21.185287	5.4556236
8.694401	-18.528957
8.608357	16.23524
-9.186511	-13.995458
9.450452	-8.655167
-22.07178	1.633719
-7.6578736	22.9142
-26.429035	3.6092587
11.236799	-2.385038
-17.49405	-2.2564456
-5.4145174	19.627434
-3.9674764	-14.70371
6.0324697	-9.194277
1.2836837	-18.48253
7.0901494	-7.2182417
-10.880169	-18.953646
23.458675	0.5185781
28.571465	3.8353558
-3.0985796	-20.085482
15.744853	4.8951225
-20.647186	0.8718105
15.443155	5.178109
-3.9652545	12.385433
-2.100532	-15.964833
-24.674492	2.86829
26.480381	-0.119463444
4.6165996	12.570071
18.226784	-2.8213851
7.9119353	-14.431317
27.50976	-3.8698425
6.7227116	14.214233
-9.541916	-16.01926
-21.880919	2.6882832
-3.456199	27.383347
27.329063	-3.3607945
7.643056	-6.8949857
7.743202	-10.317545
8.845556	13.84098
-14.580282	1.9444927
-1.9244417	25.518108
7.2352233	-10.03155
-23.77642	4.422977
7.6493454	17.448872
26.082535	5.928724
-9.371779	-8.4037485
2.4266763	-19.110498
-5.654875	21.54929
10.848518	1.7459488
-2.9343312	9.822451
10.862632	3.0133066
26.432543	-2.8066154
-9.76381	-21.066042
6.045013	15.219558
-3.4665508	10.659661
-17.993969	2.6225185
25.777496	3.2336743
-13.617038	9.423436
8.510679	12.220131
-5.7363544	-15.578404
-1.406657	22.146301
-0.050157525	9.3961525
7.768075	-19.931374
-3.895039	23.881529
-2.5800786	-18.351368
-22.996708	-1.1060582
18.808609	-2.7357688
-20.849308	6.008924
2.9197633	6.495293
22.522532	0.44297224
23.21475	1.8952018
-0.27941725	-21.414833
-3.4326432	-23.328436
7.2361135	-0.91720533
-3.4695134	-21.314396
-17.37197	7.7865205
9.338169	-5.825114
-5.6609488	-17.457396
-3.5505044	-16.935158
2.767905	10.362662
-16.337408	-3.894334
9.651604	15.058459
7.3313923	12.544509
19.96294	-4.902112
26.95092	0.9125124
5.197585	-21.229342
-4.4640093	10.825214
1.8173044	11.15169
-8.425231	-22.199537
-2.464603	-23.388702
6.193234	15.880536
-8.968487	-23.2729
-6.621994	-18.704964
-2.5743942	12.419539
12.768234	-3.5150392
7.971728	-15.465997
-2.0515652	13.647031
1.538918	9.534637
-0.62958205	8.891859
-4.656588	20.046907
27.360825	-0.5899931
-1.1219795	-20.453434
-24.630224	2.1723404
-6.9860215	-10.321969
-18.668692	5.990923
-0.5691993	-18.271227
-3.3253496	19.660912
8.950794	-20.371689
-3.3468983	-22.269535
1.2920986	-7.1617026
9.873123	0.77351534
-19.372087	3.738101
0.12212056	23.189667
-25.40489	2.764269
25.405157	7.532817
9.313945	-18.561382
-6.433911	-11.990051
8.339671	-8.411093
24.970211	3.5815377
-5.8789606	-10.271056
2.6018624	6.8275313
-7.1920376	-10.749887
-17.37609	8.479952
-18.28373	-4.085625
-19.596354	1.3570431
8.078578	-7.576237
-5.5620217	23.570833
27.001001	1.9363793
-25.960604	1.7455215
8.391691	-10.141806
8.343688	-9.494431
-21.02624	-0.3177901
6.4837685	-7.871792
7.1733603	1.7983876
3.308739	10.930668
-20.389801	-3.2705324
6.7451468	-9.247957
9.360398	-0.37947172
9.212715	-13.254151
9.961312	2.1781676
-3.0874581	-21.858545
-8.63045	-21.64781
19.53957	-4.0708094
0.31890544	10.841714
-5.737537	-18.774319
0.5376635	10.082406
-7.9867673	-18.893211
-21.513618	4.596413
-7.8912187	1.5167767
-2.455579	13.216211
-24.893185	7.843578
-6.2035418	-10.614095
-0.19666256	-18.013842
-21.957794	8.799303
-18.673443	0.9884833
6.2167025	-9.6681185
9.938922	2.8235478
-5.821544	-23.089354
-19.525396	6.2878065
11.43184	-2.8602502
-21.509214	7.0775466
3.4779313	-17.438465
11.668681	-11.753091
-4.4422317	21.48989
-1.17445	10.952323
-18.348206	-5.4766607
-4.541094	5.77971
-11.308974	-19.25047
-4.140711	-18.749865
10.562439	-6.5233755
-22.553328	3.905862
-2.1775897	26.501831
-19.041336	-3.0685031
4.2664347	-20.709661
11.391732	-4.611299
-16.009602	-3.4769557
-15.693514	-0.1891424
-20.269182	4.9390864
-7.9791207	-17.068865
5.314209	17.856627
-10.161069	-16.30709
26.547873	-3.126715
18.5988	-5.4485393
10.50462	0.8972859
23.363678	5.0048094
7.946591	-18.286085
-21.420536	8.697716
-17.38474	9.22507
-4.976658	22.32415
-11.438533	-1.540284
18.721985	-3.9889607
-23.18725	3.166837
6.6155925	-20.093082
8.617623	-12.039846
-3.6929903	21.344322
-13.10262	9.183965
25.701973	-0.2909864
-16.235092	-4.532473
3.5403223	-6.619795
0.11052683	14.018714
-15.003731	-6.8159976
1.5726049	-17.306767
-4.3874073	25.005009
-5.775375	-20.14241
1.5674076	27.291365
9.106746	-10.536858
11.018495	0.07641181
-2.9231484	20.716002
-2.2698345	21.78436
9.452812	1.6510361
1.8195523	13.303897
15.309601	5.3780375
15.708652	4.161324
27.389257	2.2397141
-6.3985963	-16.366587
5.2363896	-13.970954
-14.677406	-3.9629195
-7.6705184	-21.495619
5.133966	-10.712886
-8.613462	-17.861137
-5.03472	6.9598722
28.278479	-2.749301
11.767162	2.1954646
18.967966	-3.356307
7.156073	13.157004
10.063503	-12.181804
-20.609667	6.9907026
-24.661362	0.19649883
-1.9626327	12.665123
4.9814663	-19.245758
12.082236	-0.61385864
-13.030064	-17.40904
-14.187485	1.9300984
-6.499649	21.543917
9.018355	-3.3760095
21.693892	1.7456741
-1.810984	23.576801
3.4421852	10.920773
-0.61274767	11.2797985
-14.779316	-7.491306
-4.667056	-17.390446
-6.8558702	21.978788
-14.377101	2.6940527
-10.849165	-2.8407824
-13.233738	-17.351578
-8.69246	-19.872223
22.213081	3.3421977
28.270363	-2.257784
-0.78723735	24.02209
-13.249785	7.122787
11.02416	2.51026
7.841199	-5.7254434
3.2724981	-18.044079
4.7540975	16.166487
23.677032	3.401875
-22.930431	6.3786807
-23.031101	9.26979
-2.9654846	-15.070621
-5.289343	-11.4973955
28.131336	4.9068537
-13.55598	1.0554898
3.0689607	9.845923
-19.041245	6.847843
8.141857	2.658296
-6.7307334	0.939975
-15.266391	-5.12439
-21.917473	0.7372762
7.8677053	16.703768
-4.5521946	-20.747135
-2.2372525	20.897572
7.0382032	-6.473928
-5.5001006	6.889372
-24.092165	7.5434012
-19.92438	6.1472745
-19.894964	8.80736
-3.6345816	-9.174642
4.372057	-10.730626
8.4567795	13.871301
-12.777294	6.9030952
17.927853	-3.5804062
5.158217	9.277728
5.5023937	-8.1367445
25.22678	1.726644
8.0957365	-14.727649
9.769297	-10.22804
-6.7047095	-19.601894
-0.5546546	11.911877
-4.570367	-22.119606
-0.36640915	-20.493082
5.9615974	-13.637783
5.5417542	-21.434908
-24.046534	9.419281
2.429226	-15.557157
-26.677032	3.7384605
26.136179	-3.9659753
-5.419714	-17.750607
8.847698	0.5783545
6.472891	-14.7876625
-8.681025	-16.960526
8.955767	4.689116
8.0081215	14.18052
-7.6474657	-16.352503
1.8358929	12.816657
10.986179	-0.8358917
-23.652924	10.468608
23.677065	2.3209982
-6.6364036	22.451998
-7.1229587	-17.113985
-22.54315	0.66166663
