0.770419	6.075099
-16.951569	7.367486
20.169048	-12.56531
9.905392	21.300669
-0.8846743	10.827564
18.62808	11.237317
-23.048119	7.380925
-12.511548	-5.0157385
-10.005684	6.980171
14.5357895	-1.0036042
7.7664404	17.950323
8.088765	18.522938
-4.44283	-17.8618
5.5006843	-11.824505
19.01453	10.372637
10.414813	-6.9565535
-7.731686	10.22642
11.714593	-8.034005
-2.1285806	8.340815
-10.558072	-4.3215823
-5.5127306	18.261122
2.1183379	-3.267587
6.5271206	13.604595
1.127135	-0.9919982
-3.681413	-18.573402
11.199947	23.935934
-3.1122386	-3.5028365
5.6132092	-21.220509
17.951176	-16.255842
-10.343193	-9.406096
6.68906	8.244024
-10.106243	-1.279041
-5.7518773	-9.265957
9.82556	23.663208
-9.606842	-6.3871303
-6.3996696	9.407321
3.927222	-11.378085
5.629987	-4.657519
2.9607964	6.5835047
16.757906	12.44594
-0.8965895	15.721751
9.801146	20.388657
1.7826796	5.2321906
7.202499	1.8902512
-15.084724	-0.49960455
-15.796604	-13.078111
-11.085922	-2.9961355
-25.47142	-4.810392
1.5135392	6.329723
-1.9347575	-10.389547
15.759354	11.013261
16.70676	-14.676539
-13.774876	0.17651044
-2.1968033	21.33345
-20.906307	-6.2660093
18.43534	3.6578984
18.536495	4.22813
0.63352776	12.498607
20.766266	-0.2689657
-8.517204	-11.103566
-10.219547	20.079395
8.284164	-22.338438
-15.140904	-2.5942125
-6.264899	-13.653873
0.5966568	-8.233754
3.2138264	-18.455153
-13.014171	18.01951
8.270253	10.983497
-14.257529	-10.42441
-2.2003608	-5.811391
17.849154	9.754072
-2.5097425	21.532738
-16.68414	5.5510426
-12.407321	9.007341
11.21762	21.627996
17.354277	15.945918
0.4750686	8.233675
-3.1072063	12.420524
9.847423	-2.3577847
-6.1613493	-3.2591882
4.292759	-1.4118804
0.59214675	5.045818
-5.100065	3.2333977
-10.467106	-10.9325285
-8.130868	-13.370153
-9.514228	-12.178957
16.101906	10.892982
13.959222	17.824303
5.223986	1.0823575
3.5164695	0.62831354
-17.894451	2.5529118
16.51818	10.003757
-3.2625754	-5.165396
-10.180643	-10.048051
-4.8717904	2.0410156
0.91129214	-5.596209
1.3136405	0.08845335
2.830194	7.3719616
-6.109067	14.824005
-4.1800056	-14.020177
4.554867	-12.528033
15.618683	7.9445744
-2.4600503	-8.601219
12.435296	13.590423
4.1511946	15.174327
-0.92840636	-6.8655605
0.22811273	18.862303
17.045498	-0.8592471
2.9491212	-4.1608796
15.411894	0.73705745
-24.083286	-3.6439455
-3.4026794	7.3534985
4.1775146	-22.74179
12.47738	19.05417
-3.3781648	18.074339
18.71399	-15.922184
-15.137895	-22.930164
-21.604036	6.440082
3.7717242	-23.434631
9.792834	1.5146345
3.7619667	0.8335123
-17.137705	0.47068867
6.147424	13.058208
1.9542805	-17.524328
18.250465	-11.120407
-18.872005	1.4845871
-11.442941	14.037737
4.600501	7.3838367
2.0041144	4.5471597
-0.7065994	6.0682926
-21.132032	8.68653
6.3694763	-21.665089
-21.845678	-5.0460343
-16.038471	11.489025
16.794582	3.5441282
-22.701298	8.519127
4.9598484	10.817613
11.9559	18.56903
-7.151231	16.12547
-17.178213	-12.716063
-10.411075	13.654863
5.481152	4.6730857
-6.0942016	-6.3444033
0.90572256	-8.529923
4.571114	17.869587
-8.479127	-13.515885
-9.653136	13.158325
-2.9333239	16.148235
-17.457457	-6.6749043
3.5887299	3.2362134
-8.53263	0.5612115
17.428026	9.6562805
-0.5184639	2.7902198
8.34846	14.755737
-6.3843822	-17.804905
-12.787497	-1.4680811
12.028997	-7.577225
-8.482605	16.959711
-7.7542887	-18.343504
4.1135974	4.656449
-11.224771	-12.881188
8.63932	19.356602
-14.300533	-8.110357
15.531596	-11.106135
-5.546944	-2.8054214
16.859364	0.0027332478
-7.9129343	-1.010437
-5.4475703	2.281927
-7.502628	-7.0318274
14.017592	16.785809
18.92836	-1.4559654
-13.906099	-23.019487
20.62174	-15.515607
-14.239497	-23.017967
-24.872967	-3.6730154
16.749594	3.693534
8.033693	4.6037683
2.498622	-23.708052
4.400737	-13.380981
17.511278	-13.670503
-11.857781	0.63825136
6.7240024	-24.050161
3.0384474	14.604732
-10.735807	-1.8246562
-5.5551677	19.557941
-7.110868	-17.855965
6.1770997	-23.718245
-8.11119	-0.18434063
13.245291	-6.301924
-2.313721	-19.313528
-5.156597	20.434956
19.04533	11.742399
18.751957	1.1173911
19.036827	-12.963397
-16.729946	-6.8641143
-11.764356	13.134178
-1.9288728	0.6762763
15.733424	-5.684366
-13.921128	-9.54689
-11.389544	-10.1216955
10.405215	5.700273
-10.554154	10.546102
6.11144	-22.590935
-5.8335795	-0.03654507
-5.6462193	13.818118
-20.783665	-0.8775232
-3.0577445	-0.8650359
2.1853647	-8.867292
16.93218	-13.070492
-16.117048	14.320427
-7.169321	-15.119631
-16.469439	6.9084415
5.026676	-7.988286
8.129579	13.534711
6.6792693	-4.8058753
18.071499	-2.2065043
13.237494	6.5913754
18.074635	-13.679588
-0.9840831	-2.0708957
18.902897	-11.511446
-9.532851	-10.249949
-1.7090583	-8.196085
12.253872	-4.206869
9.735791	-4.1292696
8.286494	11.793252
11.801128	-2.1306653
2.4004214	-13.410517
2.5290606	19.856176
21.59586	-1.2591064
17.31577	1.7555043
-7.3870893	-19.569248
10.345333	23.325254
-4.789445	-18.407318
8.00918	10.253892
16.59065	-16.245085
-1.6892407	0.3220273
-9.209024	10.362071
-22.340496	-3.2294781
3.4689424	-13.987712
-8.79928	5.762811
9.05084	-2.870177
-23.33692	-1.4116515
-7.6912255	5.180121
-8.939819	2.0356102
-24.340637	-5.057427
-4.1981673	-12.0958805
-10.614374	6.3251414
-23.515247	-5.1976986
-2.9903176	-14.241757
9.593662	8.186634
8.195041	-5.9987473
5.201955	-25.445234
13.83775	-2.6743472
-6.3259583	19.746817
-9.373516	-8.521604
3.4688563	-11.442292
17.276781	-2.4661126
15.620135	6.954216
-18.091415	-3.3165953
11.127616	-2.781673
-3.9208212	3.169058
-9.124579	15.488908
-5.1623654	-12.127731
-5.4347553	5.864344
-3.0198874	15.840082
-15.888187	13.904652
6.1261687	15.727417
-11.372172	-6.1820827
-18.22823	7.86085
-0.0178527	15.620459
-7.641012	-9.340883
17.801107	-12.141542
-9.240063	-9.557886
4.49218	-19.970432
12.857733	20.342812
1.3738822	24.591799
11.879219	7.647359
-22.096668	7.9927735
0.9531767	-4.2756796
-0.54074556	14.532417
12.900913	-6.753083
14.579485	3.526095
-6.522849	16.083479
-3.494881	-3.9680762
3.6078262	-25.121185
-13.389368	4.248311
9.446531	-8.184613
12.897457	-11.495617
-5.2861605	16.632067
6.453662	8.952977
-1.2053035	13.290592
11.112514	-1.4584671
-7.5592546	5.9014587
16.86681	-15.366261
9.299906	6.695965
-8.362372	2.0114028
9.046942	4.5072136
13.1740055	9.481319
-20.488028	-6.8264227
-5.3632936	10.251454
6.8954287	7.0899367
-5.49104	18.666508
-7.841608	-9.2555275
-2.0989645	-14.222807
1.4109904	3.8254793
15.196109	-14.838939
12.802635	-4.6914754
-10.243282	11.59887
-17.467325	-3.199093
2.2717938	-11.486975
-10.218426	-11.717271
-1.498238	4.866388
15.160294	-2.6421282
-10.447739	20.587343
-20.377703	7.6533384
-13.984641	-7.4804955
10.055922	24.38783
7.200485	1.9461817
-4.274898	1.9604928
19.02833	-3.5137837
-7.9357567	19.412533
-7.0599694	20.439888
17.797323	8.854252
12.079298	19.779839
4.5717235	13.263634
-10.871066	-13.588328
10.323964	22.234253
6.485425	-11.676992
-8.730084	-4.833757
-11.861895	-1.9665929
-22.711458	-4.749123
-11.424041	-0.03543681
5.7281384	-21.854235
18.83028	-16.205135
-3.1151543	14.20348
-1.5205836	17.968508
8.108832	15.226338
2.08195	3.4961228
4.864798	-22.486399
-21.366037	7.5738297
12.750253	-16.446701
17.382	-14.886765
-0.12989287	9.086445
8.153547	13.016245
13.944926	3.7612133
-20.068886	6.4666634
16.847015	-11.871651
2.7492828	-22.429445
10.9230585	23.302105
8.320699	-0.6602732
-22.572388	-2.0075693
9.295273	24.66431
19.299171	-0.006130094
3.456038	14.728801
5.531843	17.42044
-9.265566	16.838272
10.701828	-7.126849
1.7717401	16.746386
-14.749728	5.57753
-16.594793	5.2261777
-8.021979	12.100511
6.4564915	-0.99245816
-14.748663	-23.29895
-13.635225	-22.645348
14.045276	16.023825
-5.0575433	-13.641937
-14.628414	-1.353414
1.9691963	10.95918
-7.059531	6.419998
15.846732	-0.83225983
-9.61496	4.159332
7.8827415	-16.051634
5.059008	-23.961634
-3.9191797	-6.6174874
17.947676	-14.614917
4.046129	10.82832
10.775284	0.44280395
-1.3068655	-2.744026
-1.8473564	17.704136
9.299205	8.339578
15.121664	1.1952666
14.378197	-12.944973
-4.0619807	3.1292198
-8.921196	13.517963
-14.18161	-10.435234
11.683913	10.050374
-0.71756715	-9.380744
19.836668	11.217401
-13.5987215	4.518682
-10.999694	-14.609101
-4.3957815	10.747824
-2.9511375	7.974759
-15.102905	-13.286821
-12.919324	10.473892
-8.312151	-12.275841
8.388524	-2.0446467
-6.773494	0.5150128
-0.87462765	-9.6889715
4.6216054	-24.819752
13.951071	9.980892
-12.705803	-14.482902
-4.551518	-6.088285
-11.442132	0.99704534
15.918599	-5.3674464
-23.642492	-4.0149536
0.92029965	16.431795
4.0690675	5.8599286
-0.14266743	4.12526
18.658175	-0.26328084
-6.1556873	-3.2983425
3.039979	-6.230582
11.106365	3.1204913
-2.8015184	-19.487867
2.278332	-12.022446
-0.89243996	-1.805477
-12.080286	9.7968645
13.536679	19.492
-7.783429	18.182852
-10.19411	-15.339886
17.387815	15.695009
-18.051403	3.1363451
11.514402	6.2930036
2.4408324	-2.24935
-0.29696152	6.2119174
1.6966006	-11.855186
13.20485	-16.26403
-13.362946	-3.6987746
-7.561822	-16.565613
-2.0738945	-18.783987
5.8514094	-4.8156533
19.432241	-14.9369955
-1.4152759	-19.750107
4.5083284	-21.413647
-0.07337265	-6.435138
-10.041677	6.9672747
-4.78656	-0.17466643
3.421962	20.156816
-18.043892	-12.212467
15.651429	12.596628
13.527746	-3.837984
-14.073326	0.27326745
-14.182715	1.7562943
-14.521484	10.72568
15.705372	-13.712632
4.274217	4.4774475
6.292326	-20.990335
21.358007	-0.15800238
-9.920165	14.718663
-14.222242	-1.6883428
-10.001469	3.1764967
-24.416567	-3.0996783
-1.4712007	-18.13303
-9.859095	-3.9594927
-5.6041203	8.182139
0.7100059	19.30298
-5.1907477	-9.579096
-2.278252	-8.829377
-14.618196	-13.017039
-11.237206	-8.4593
-8.165473	18.17021
