18.472069	0.23902686
1.8679415	16.6834
1.069615	17.927614
7.196751	5.1346135
10.766168	-13.027548
11.380393	1.9124643
5.3211536	-12.897514
-15.053805	-5.0731263
4.214087	10.031372
-1.6924144	27.3591
11.498619	-11.120237
8.076355	4.644597
-13.01864	7.865355
9.331478	13.250592
12.244376	4.166106
-6.9549093	-9.951877
-18.625893	-8.839956
1.895727	-0.21855217
16.99141	5.653023
3.4095194	-1.7142202
-11.100661	-15.257777
13.428647	-12.148182
-20.385916	-5.6089787
-21.204685	-6.669377
-14.059212	6.4134326
-4.157106	11.844719
-2.081773	8.04285
3.3230839	21.383085
-11.977755	-18.176634
4.144687	-9.732891
-10.044937	3.578251
-8.399245	-1.5724564
-16.469973	11.170708
-3.9534338	10.777252
2.384141	4.3744283
-16.807343	-4.2263722
11.937277	15.413805
2.0527241	-16.777708
-2.8231351	0.10441169
14.560954	2.0663548
-13.0268345	-16.01973
12.707702	-4.6034355
-3.9597414	7.5705347
-3.0500305	2.263827
-16.410872	-1.8918903
-8.39127	22.915834
-0.859775	-5.1804047
15.753667	-20.477018
-10.830494	-12.416725
8.361433	8.094164
11.336254	-1.06369
4.2493176	21.069872
-13.594488	-1.8292148
-12.733441	3.3163278
14.9765	-18.275904
-1.3360976	21.498829
17.49951	6.7400894
2.9040394	-9.055188
-1.3206667	17.129164
1.4903879	-13.174869
-0.7765106	-5.775194
16.098387	-1.0071107
-20.763325	-1.2377552
14.957769	9.366378
12.61903	15.041655
-3.9947884	-7.5566573
11.486223	6.415283
-10.487473	4.881709
3.4128728	-21.295761
-1.3685285	10.608368
13.408106	2.0119362
-14.054502	-8.0907135
5.074046	12.96764
-9.632941	-3.5135317
-22.000206	4.165764
9.166707	-3.25832
0.36027962	-9.696223
-1.467075	-10.633922
8.559425	-14.137596
-20.113691	-0.90269667
13.559516	-10.3389635
-5.309036	4.065142
-13.174306	-6.7341795
9.3945675	-6.2951336
12.656955	-6.00144
-3.7205005	-15.175508
11.406068	-0.24597812
-2.8663087	5.221699
0.29524067	6.8333154
-15.090445	11.146608
-6.3414917	14.446954
12.353808	0.84412503
-2.3129823	11.740966
7.3447156	-7.974004
-12.640584	-5.614684
11.518154	19.743576
5.117167	23.359299
-3.4197912	4.258336
-10.273205	-18.71473
-3.1183157	-7.343914
14.0699835	16.241322
10.749297	0.83335525
7.4906907	-1.0405054
-5.086123	2.469715
0.6099842	-21.68118
-6.355004	12.671535
-4.6624713	-16.973862
-1.6268191	23.722132
10.273552	-0.9307191
-3.217199	23.379206
16.380161	-19.479792
18.437801	4.8271623
3.3023403	23.590326
10.448387	-11.974933
-9.90841	-18.036552
-7.514325	-16.334938
18.58784	-5.5010943
3.1298702	13.75733
18.2176	0.44350561
-6.2205734	3.5569246
-6.59489	6.3236094
-21.99787	3.831966
-10.085709	14.5715065
-17.3249	3.7444522
4.7239914	-0.7459767
-7.3165984	17.068384
-19.830042	-8.398703
-5.252003	0.42830944
-3.522469	7.499793
-9.26139	-10.141366
-5.1961026	18.186848
1.4906687	20.474468
13.766654	-20.178572
20.674675	5.926495
-1.5099151	20.03799
-6.259433	15.154598
-2.8526065	18.777084
9.811989	-11.838008
-7.754698	-18.290203
-8.362055	-21.245144
-15.667873	-12.4386015
-11.7616005	6.4194427
-5.815465	7.7265615
13.188944	15.686292
7.255731	-7.8464327
12.630177	-6.5074472
-14.451323	-12.4235
-7.022854	-13.978853
12.163677	-20.690805
9.149621	17.015423
3.4546094	1.2409617
12.747996	1.5986028
1.1105256	0.70589286
-8.874464	-4.55358
-16.160162	8.10652
5.7038236	-2.1631348
18.37604	6.9948416
-9.739844	-15.9808445
2.547326	5.3231034
9.281334	-7.263964
1.9577106	-13.765345
7.2165074	7.861023
6.4196763	-16.456081
17.196789	10.0806265
-21.234255	-0.13401046
-2.1536207	22.730503
4.9173193	0.53439575
-12.325819	-6.7045445
-13.77695	-16.406115
-3.419392	4.9123774
-5.989914	24.430307
17.753891	-5.6250205
-3.6314592	-18.11216
18.104113	-5.985641
17.326582	-19.241604
-0.95303047	19.898565
13.756307	10.288748
-9.449286	13.489307
14.58638	17.31352
4.6471314	-18.401512
-11.398522	-2.0068967
0.12306191	-13.844601
-1.2134378	-21.229456
-0.33843428	-3.895758
-6.602398	-12.884154
-9.225456	8.763086
17.922373	1.3440828
5.3316417	2.2729652
-5.990403	19.751968
-15.848345	6.3488016
-7.0418673	-12.065116
11.429392	3.5045846
-0.3020796	17.91369
-5.8739324	1.7876744
9.453573	-19.923302
8.803221	19.200092
-1.1573979	-14.205951
-8.591558	18.787487
-6.005549	-15.887413
7.37434	-4.3507032
9.409792	11.066937
-5.1474767	12.576224
0.43396014	22.307669
-18.9514	-0.6620963
11.1221695	-18.643576
15.451547	-15.711199
-21.043217	-8.220325
13.468832	14.873077
12.148824	12.144373
-2.7507272	-9.930035
17.637945	9.230412
6.8480606	8.9300995
2.2449086	17.57913
7.292292	-16.155945
3.7586212	-17.548985
-4.7363334	25.935884
8.322281	2.5087912
0.9777032	-5.760339
-11.7209425	9.064231
2.8309238	0.07936055
8.936702	-5.9893017
8.628273	6.683068
-22.147984	1.666515
-11.099025	-19.093649
-13.532301	9.484179
-16.000664	12.429061
10.429211	14.267872
5.744486	15.142029
9.159458	-7.701201
-2.436444	21.925257
1.4012465	6.68241
-2.1759982	13.343527
-13.469401	7.452637
-9.570896	4.3423734
0.040841557	14.131134
-0.18537016	-17.751923
11.19183	20.121027
11.813457	-18.450047
13.657725	17.449203
-12.822365	-1.2508185
-17.87173	-7.113601
13.2156515	-22.802744
-14.9199295	-4.089793
3.5260959	-0.7883839
15.216028	-20.091368
8.753921	2.6687293
-11.113992	-1.7260833
15.866069	-18.975315
-4.2951784	-7.2213798
13.543272	-23.06915
-6.025904	5.3441486
-1.2048014	-12.609717
-3.5168505	25.861195
-8.3451605	-14.340865
4.9225845	-5.911817
12.510275	16.297834
18.706871	7.8218765
8.768925	0.65213484
8.271817	-18.455921
-14.022358	10.979213
-10.967566	-3.0753908
-12.112615	-15.1945915
10.201196	-4.3609915
-11.912582	1.0134703
-4.556962	-15.784419
2.0039127	7.7467837
-7.6880836	-5.073902
-5.41662	-13.100772
8.710147	13.926951
-16.76186	-3.6257412
-14.832954	-9.617106
7.255326	11.640729
4.8960633	-2.222309
8.946916	14.692186
-7.063798	11.404302
4.5409646	-5.399774
4.9626718	3.2006
-5.383489	18.187626
-12.58002	12.186866
-12.488995	-4.044658
-6.0615563	19.68295
1.2168173	17.295052
-8.92734	-18.608913
-0.10415174	4.19736
4.418203	23.46943
4.637158	8.158049
-5.3327756	23.180904
-8.897659	18.704603
-13.201525	-11.633843
-8.009999	1.9397584
-11.650863	-11.071405
-15.692238	11.423986
8.035165	17.890505
0.87909466	9.920618
9.555434	18.220833
1.8517448	-1.5738
9.6483	11.172258
5.8098655	5.3306327
-1.6503158	26.1659
-20.046965	-4.408498
14.843407	-21.47623
-11.595404	-12.579121
-14.413077	-7.8661923
15.250692	6.7414536
-4.9137273	5.6946707
12.921523	2.8382068
-22.132225	1.978233
-17.039946	-11.627579
10.341574	-19.15694
12.409828	17.385538
6.848455	-8.8448
-11.524902	-9.856771
-2.909941	25.361391
1.5520369	-0.988588
4.109515	14.898255
7.088836	-17.164104
-4.454372	10.636853
-2.0943608	3.7214532
-11.226037	-5.103202
4.2382083	15.534146
-6.452799	-13.93069
-8.267609	-12.71824
-8.681803	7.8944902
9.406773	-13.434968
-8.246748	23.087053
-5.6982846	-18.85053
-1.7546297	13.108292
10.221615	12.583283
3.3402147	-3.948584
1.4885807	-3.5629435
13.728495	-18.72989
-11.068283	-3.9366128
1.2498922	23.642818
-8.501487	-18.08655
-0.83651525	-22.47866
-4.3036833	-14.841637
6.5544906	-1.3169433
-8.839309	12.242509
3.2221966	22.302362
-4.4412513	-3.594027
2.5291898	-18.382912
0.57059556	10.949795
-1.1519774	-11.55626
-12.39783	9.76754
3.2239113	16.53583
2.2527175	13.473413
5.9411597	-14.579725
15.279879	-1.2872807
-3.6352956	12.020051
12.619601	-9.563559
15.530159	-16.377068
-17.153936	-1.6369071
-0.54756016	18.111784
0.16766058	-21.723927
4.3330054	-19.116951
-15.370439	-14.856225
-9.299176	-11.944722
0.49346083	-17.628197
5.1020107	7.598323
3.7311494	13.202836
-11.4146805	-9.082304
-8.518299	-21.093542
17.789555	-6.5054603
17.158796	-5.949987
-3.596809	5.5609818
15.659905	8.737623
-16.232372	-3.210883
-10.396351	-2.0674064
8.034396	17.162622
-2.1410735	26.452116
-10.852269	0.5281766
14.265938	-17.873472
18.88114	2.1155982
-4.071642	15.53282
-2.3705833	3.0453796
1.4136358	1.3706615
-6.3713117	1.5337007
-11.779439	10.93496
-5.0848784	-14.5955
14.085125	-21.250168
-3.8418396	22.85429
0.9740779	-11.972078
-9.972456	-4.8160934
-15.933299	-11.669439
3.996215	-21.076658
-11.506379	6.9768243
11.270717	13.006368
11.112828	5.9623113
5.0207963	7.1239915
-5.6452923	-19.913317
-18.478016	-3.1446655
17.869331	6.0767655
-7.217122	22.61851
5.3926325	-15.075628
1.8712757	-11.443754
13.003959	12.916161
2.789177	-3.436704
11.425583	9.597112
-0.028816264	-13.14816
10.698575	0.29532832
1.2826047	-14.213632
-4.725787	15.020796
-10.225816	-0.28491792
-8.485268	19.776703
14.939769	-19.428337
11.838085	-6.8398986
-16.939623	-14.912141
2.3597634	3.3128853
-5.00263	23.648851
-21.652264	0.31781968
16.639616	-17.865952
7.9647985	-6.461144
-16.478453	6.5194507
11.840212	16.747149
-11.529035	9.9167595
-20.623762	-3.470556
-5.6361284	11.643989
-8.299595	-15.863165
10.313813	-15.424646
4.8877172	-20.589941
-5.6220584	15.662802
6.035002	2.5036476
13.819792	-11.909494
-9.883336	-9.691129
10.5876	18.33687
2.1431282	-18.417948
-14.474891	-4.5942364
-2.446747	25.148588
-16.640951	5.8892508
2.7634585	-16.037987
-15.559479	-13.018828
-14.288465	5.623842
1.5079405	21.42877
-2.292039	11.344372
-13.570496	-1.1840217
-8.429009	-13.648659
7.9763184	1.3362181
11.435896	-21.268
11.761013	-12.910206
-3.2993584	26.789654
-18.199839	-5.0286303
-20.30517	-6.5590816
-17.300995	4.188762
12.234561	5.468514
-12.79224	4.6704397
2.1003275	22.198322
-1.3241928	0.009338074
-14.502389	-11.187241
-19.070345	-2.1280873
-0.0125573855	-3.2309494
16.954727	-20.075224
-15.234369	5.10903
1.8379622	-2.4679964
-18.130636	-8.623361
-1.368244	-15.249309
-0.7747477	24.91385
16.17131	-5.200517
1.7728404	-21.834156
1.7965965	-4.7898726
-9.20505	-16.396961
