-29.898638	-12.395279
8.600106	-17.096323
28.512123	33.87788
16.001411	18.35461
-7.6951146	-12.350542
-4.220285	-18.470167
7.551659	-9.484067
23.554726	-37.825832
-10.392201	-35.71127
14.042435	-16.619238
-9.561494	-10.7171755
31.973032	-28.38371
-9.892537	26.73413
-27.052671	33.359314
-3.7679796	-20.642763
32.930096	18.779057
5.8246994	-41.56347
14.198622	-23.043304
-25.95838	-16.226135
34.017857	-19.888367
-26.281471	4.397706
0.079781994	34.22381
-8.1771965	-5.998781
40.58509	15.987817
-11.985293	26.692297
11.317909	16.609915
-20.196684	-29.062307
-54.584064	12.528398
20.960497	41.258976
29.737896	-21.402893
-14.380962	-6.4328713
40.093002	-17.477644
33.265194	8.879355
14.22994	17.837814
16.015463	-3.746232
5.1243825	-41.95995
-48.239788	-16.763287
-43.501797	7.61724
-25.637949	-19.710981
-6.228764	-13.586424
-24.215601	14.391466
32.79915	-29.599197
-27.838741	-16.403131
-7.45036	38.54235
-5.5354247	-41.71255
9.566008	-4.8473516
38.852165	-19.527208
-3.0586703	46.95462
-28.875366	-6.26447
-40.260506	-5.235205
-6.0268874	-18.236486
26.396267	38.295425
-7.096978	-42.815544
-22.67156	13.264804
-8.251128	44.94249
22.207335	-28.078913
22.075476	-29.130232
-24.28627	-5.4253426
19.350027	-15.721818
33.474747	10.036171
-25.285484	0.40655082
-53.616447	16.83208
-1.3958956	-39.375267
-24.919333	36.255917
-44.863636	-8.792998
-21.843624	35.60127
-22.973795	26.001757
-13.01058	-4.9926863
12.181567	-7.380793
-24.243061	-28.188547
-5.3960137	-20.74285
-16.663166	4.2371244
5.756712	-14.924914
-10.055213	6.9180274
8.696771	17.72081
21.91294	-10.496957
41.79475	15.129369
-32.03452	6.934052
9.101271	-32.45602
3.3363051	-32.65979
-1.6680545	36.095383
-31.490946	-17.142464
9.167976	-44.88765
-39.037678	-1.7776428
8.076624	3.861344
-37.25924	1.4852722
-6.8082013	-17.996822
6.1201024	22.969688
-20.653473	31.383854
-12.2888775	30.433678
-19.456406	32.660137
-8.540078	-19.736008
-23.602535	-28.350372
31.116173	-20.762241
8.870486	-46.057903
-43.780907	-10.702542
38.36225	2.6838567
-26.354935	-19.71645
-21.935417	2.7407897
29.073606	-9.719657
5.7055707	11.176468
-8.557214	-25.528027
-43.700615	-4.3410883
2.9454498	24.64863
-21.508326	40.707703
-41.360302	-7.4972506
-27.760881	8.041792
19.67874	-7.3329215
-44.585953	-2.312806
-4.147483	-5.653407
-1.9689643	45.782238
33.09995	-14.753195
-51.7463	11.935739
6.7233796	17.686106
-23.726326	11.87082
22.579214	41.127117
58.492615	7.262958
5.2386136	-13.693291
-49.85895	13.436319
3.7955377	-2.6542306
-12.338794	29.190964
-0.7037303	-37.974022
-7.5189667	-5.0454273
-22.057365	37.05836
26.470652	27.699366
-21.72033	32.308025
36.581993	10.834915
-18.27506	-8.679673
-29.458393	-16.04146
-26.455387	-7.560763
5.7329006	-5.1285477
-53.730743	13.39009
0.02902872	45.59122
-19.451582	22.498943
26.835533	-26.729332
4.1628795	-8.355676
22.721897	-27.04759
-15.789158	32.859642
-44.49301	16.436094
8.622365	-4.292997
37.766506	9.728066
-40.75692	-17.457115
-50.77894	6.259109
-45.732113	-8.762896
29.973564	10.630298
7.810734	8.465247
40.73993	9.037877
-29.291521	6.794259
-2.3907828	-37.16642
-32.146484	18.103792
-25.482735	27.958633
-7.208141	-20.463934
-27.035976	-12.374431
-12.691518	-9.1090975
-9.418837	24.666098
42.828125	-4.6350665
33.434174	19.5418
-24.624887	4.498755
16.995384	-3.934376
-33.298412	-11.931617
28.398733	-6.424289
32.846115	-27.997494
10.948637	-9.012583
31.513023	20.313025
5.1536293	-32.03268
20.098738	-29.72393
37.308712	-2.876733
10.136522	-46.215588
-39.924606	1.1681322
5.193272	23.91928
18.15329	-19.045055
58.281113	5.63005
21.848246	43.75646
57.229465	5.388124
-2.9916425	44.11628
27.280546	-26.919918
-48.976368	-6.8877587
-50.852978	10.195872
-24.204662	31.991568
25.076115	36.858
-1.0518229	-44.878986
-50.412857	16.112556
-20.72943	40.709923
38.68228	-18.089312
-27.315538	4.4102197
-9.321254	23.085049
-50.97639	15.332967
36.228367	-1.8360372
10.683275	-26.11608
-13.214571	25.224699
40.980354	11.565898
-3.4198868	-19.227676
20.444029	-18.29341
22.201982	36.38331
-17.734282	39.108364
-23.009245	14.766014
-45.682735	9.745776
6.318929	-26.448627
11.264904	-6.411792
31.791298	9.025426
-27.975111	36.720886
36.51299	6.9489684
-53.18833	14.509352
3.2306657	-33.304546
-18.81828	41.527397
-9.074298	44.614094
40.283382	17.95292
-46.8977	-10.047997
24.90632	35.23688
-17.662113	24.20008
27.294193	-11.106011
7.7843037	-16.691792
-25.273706	38.69683
-9.916775	-6.061997
4.9530883	-3.2992213
19.142889	-14.403692
-10.696666	-28.79952
23.81488	36.894947
-39.049805	-16.762434
24.293522	29.631369
-39.414562	-0.45013008
-42.520943	-6.5307555
6.8104086	-29.12251
9.822808	-37.061
45.017006	2.3145344
12.062075	-31.984037
-47.979507	-19.13993
-11.545816	5.658897
26.106005	-12.414412
19.347967	-6.271899
-21.012104	27.03145
12.363652	18.032825
-10.756574	27.391996
-7.7257624	28.317116
27.634312	39.71684
-44.327034	8.337116
-7.85045	-2.6526022
-6.9269876	45.16327
-23.291721	31.82788
-10.297523	-37.0184
8.697943	-43.170937
-6.9842772	29.18094
3.047707	-45.064476
36.027782	-15.123382
-3.8460162	41.444645
-27.55641	31.28063
-10.891773	-38.291046
-1.246546	43.452217
-22.580719	36.30346
1.9475129	48.55405
10.896408	-29.96771
-46.953636	10.803213
14.31383	-31.212355
-26.425724	-0.52153313
33.267815	-20.38393
-47.086834	-16.921648
21.427109	-30.264553
-7.5118504	-29.054852
2.3037715	43.926983
11.819365	-33.591457
6.976828	-47.315575
39.56862	8.307283
-39.46665	-4.0165854
9.074785	-37.563572
-26.164133	11.285366
-21.215502	23.593006
-11.568497	-9.969085
28.351095	-20.83844
34.35406	21.189653
-47.26619	-4.5893126
24.653013	-36.34906
25.104265	29.529535
30.83392	-22.005873
-53.813004	10.656854
8.039857	13.556624
18.52299	41.70981
35.01136	-3.6242373
7.9172235	-5.422072
-41.60005	-12.824581
-47.004704	-2.79749
11.111477	-25.534254
14.284975	-21.670324
-18.289822	4.787691
-20.90802	-29.066708
39.677586	3.145211
-23.297932	29.450777
9.448697	-24.773628
7.4548306	-25.322346
42.72262	6.097548
-14.342794	-7.9160166
39.345585	10.250537
11.260066	-32.52871
-7.154726	-33.395138
26.249842	39.329082
-27.188902	35.644596
35.32412	-14.463627
-25.200193	37.762726
-11.625442	-30.702597
-4.260615	-2.1373737
-16.71647	33.47814
-2.1223528	38.218334
-27.808578	-5.1463256
24.867098	-35.402233
21.911228	-32.357903
-29.357447	-14.994465
25.71516	41.758553
6.253978	-31.352205
37.723164	8.476396
-1.0964038	-48.112263
-45.63854	-17.987936
28.27217	-7.0815663
-32.310043	-17.424335
16.135988	-31.188892
35.8431	-12.536036
6.4577866	-6.2100363
-13.182721	38.448368
12.47931	16.144176
-6.524631	39.38497
8.707032	-47.48086
16.504356	-15.390348
-20.368187	5.3340406
-28.267498	2.412666
-6.0418363	-21.485899
7.5867944	12.009973
-10.674724	-0.86801505
-36.64565	1.8472055
10.84062	18.599678
25.650055	24.025904
-43.2345	-0.5823234
37.348843	-17.025293
1.5393006	47.476463
0.042937912	-45.47232
-54.5196	14.207596
21.88336	41.979633
35.518364	11.360507
-30.245897	9.005361
-11.276145	-10.676159
-30.445974	-14.497711
-52.44589	12.904669
7.0083795	-6.953604
17.093306	32.202232
24.93374	39.619713
-26.859894	-1.8302863
-9.99851	-4.7350187
15.265856	-15.953961
5.6139803	-10.507933
24.930733	33.56749
-51.255894	7.314305
10.954057	17.48938
-3.9067578	-28.74684
-7.021026	46.777225
12.840753	14.780435
19.611998	-17.39426
2.6007261	-7.7838883
21.407795	-10.280554
-10.74289	5.041172
13.21284	-25.031225
31.988894	11.026787
3.4431937	-16.089697
4.7104216	-15.004476
37.972893	11.3196335
-17.140955	36.458416
57.37582	6.470364
57.573433	4.317127
5.0512176	24.911911
28.602772	-10.520715
-4.31906	-41.886406
31.100374	-33.624344
-7.1816	-32.648037
18.687151	-30.594921
28.16608	-34.853554
-5.1176796	40.606815
-45.608395	16.847473
34.1105	6.809131
24.855738	38.25233
-16.747383	25.99143
-16.204397	-7.600751
-39.407207	-16.22743
-29.98257	7.7035623
-2.5717335	41.305847
-4.9805436	-5.391806
34.691772	13.519932
7.9633	-48.18179
42.40335	9.920335
14.88089	-8.183323
45.091194	1.761525
32.74961	5.597456
-2.1955516	-19.711145
-24.103212	29.02758
-14.700362	39.86187
14.18508	12.480393
32.03871	-14.147694
14.206217	-5.644684
42.423416	13.051471
8.208181	8.720931
-4.8327155	-29.351156
35.228203	-0.995792
-44.787724	-6.431433
-46.16991	17.926186
-8.320239	-17.76348
-14.642149	40.970478
35.39652	6.9113026
43.049194	-3.050303
5.5890455	-26.713202
-1.4276437	45.35002
-46.278152	-5.278285
-33.604385	-9.666033
-28.233168	-12.635956
30.940426	14.107222
0.9647682	-36.89357
0.52928036	41.09263
44.264236	10.503974
-20.204256	27.736551
-46.473564	-18.44934
39.67423	16.074684
-9.441364	7.350412
7.9756904	21.947996
-23.154778	3.6518562
-8.220045	25.186241
15.772591	-10.049681
4.664054	-9.929364
37.275486	0.6771203
-0.7335187	35.042614
-26.911165	-6.7897587
-45.120502	-18.844265
17.593765	32.641273
-0.47789264	-46.691643
22.778112	-33.525948
-13.91457	25.961082
-14.551433	42.749763
22.443548	39.32913
-15.855201	23.208296
-56.10729	14.377384
-42.875885	-8.795425
-9.740162	-37.958435
15.029247	-24.93478
-8.967642	-28.845238
-16.083298	38.62198
-6.9637694	-14.376008
13.84832	-30.383883
-6.979273	-43.44948
-11.687197	0.063157715
-28.752748	-9.181218
28.195337	37.080444
-33.775623	-11.367814
-56.10477	12.899474
27.123167	-13.901343
41.979576	7.288374
-3.520811	-41.577366
36.107258	-18.936474
-0.09059457	48.488605
-13.42337	26.979504
34.771652	-18.02896
-17.908993	35.08079
32.822903	11.797761
-37.573376	-16.366138
-43.02691	-4.845812
14.658917	-7.0060973
29.598593	-19.336456
-25.141476	3.64878
