-4.5684547	-13.458893
2.8969913	5.466393
-20.295105	10.331962
12.403048	8.9527235
-3.070255	4.8837485
30.429077	-8.546396
31.709818	-1.746465
-5.9921393	20.52438
0.30853242	14.319426
-6.397574	4.014582
-6.1115546	1.277199
2.333676	7.277315
8.132585	-17.50396
16.698843	-19.435507
28.846523	-6.308166
5.4355164	4.490813
-10.138479	11.971197
-12.664531	4.848965
-7.063434	-15.268484
-5.0714865	16.351992
-3.411765	-3.9455314
-23.25851	-3.5013607
-4.1613436	1.5211253
11.690704	1.7242749
8.7106695	-17.73394
8.303641	15.376627
-12.160151	19.047709
-29.5085	-9.148374
-25.414968	9.315027
-7.672583	17.495838
-8.845169	0.15590727
-1.4819947	17.39214
16.226833	3.8607323
9.918457	14.749049
27.980541	-3.793448
-9.859787	12.566165
-10.097314	-9.78935
-4.5852866	-6.2351527
-4.9794245	-15.479318
-3.3303592	4.4838142
-18.84271	-7.8404045
-16.492302	-2.1980126
-6.178454	-14.66075
13.834924	-8.423396
-3.6423807	20.61716
29.589499	-2.9298081
-4.085425	16.675217
6.119895	-10.82429
-3.3288493	-14.424082
-19.244215	-0.8610171
29.890108	-7.3522205
-24.284204	10.966135
-2.8470745	20.505386
-19.726421	-7.1862526
11.424906	-11.241168
-7.42348	2.627161
-7.911956	2.9051874
-20.71593	-7.067735
-5.8804703	8.957061
16.494085	3.4015672
-2.7475216	-5.50582
-26.559855	-7.2414637
-9.123494	17.552773
12.579486	-16.285044
-20.497623	-3.6882064
16.016321	-15.211458
14.340791	-20.85935
32.145977	-5.8176875
29.027763	-1.8841132
-8.642417	-12.825939
28.77656	-6.70029
-1.0218352	0.9464216
33.58158	-5.509311
2.4456415	-0.3231826
8.198292	13.5471525
-1.9063293	8.605346
11.574563	1.3308445
-7.119909	-2.622236
-11.650899	10.087869
-14.890433	10.5355425
14.189224	-10.918605
-5.011782	-12.671482
-13.126572	15.560942
-4.622411	-8.130625
-6.5425773	-6.896211
-2.1612294	-8.120372
29.345964	-8.847303
8.661131	11.166822
13.115538	-18.443201
10.484094	-15.97145
13.9013	-17.304827
28.07269	-7.9093666
-11.305983	18.527908
-8.062572	19.12504
-13.584577	14.677275
-21.281435	-4.9233904
11.419049	2.6147332
-5.6344957	-15.647772
-0.80710024	-4.44426
-5.409599	12.695828
-9.439815	-9.140469
26.300829	-7.4317827
-19.310064	-2.7195399
-20.877579	-9.200442
11.030731	-18.464224
-21.766748	-2.986527
-17.255892	-4.288662
-6.2769036	6.9371767
-21.447172	-5.921012
-5.718051	5.079649
7.807929	-10.994574
-3.9120836	11.634376
-26.005013	-7.850887
19.121822	-9.343537
-18.700098	-7.191322
-24.60678	9.065572
18.768063	11.730426
32.67764	-2.2200787
-26.92045	-9.500038
30.812155	-5.7870193
9.744137	-16.651428
-9.650135	17.212812
-4.329042	1.9624372
14.827794	-16.07539
-21.770596	13.937689
14.427401	-17.95849
14.708975	4.479843
-21.4543	3.26484
-5.9423146	-13.514978
-2.8774493	-13.186764
31.80048	-4.273863
-28.570093	-8.779401
7.432672	-12.386846
-0.41391397	-10.63953
-0.4492401	5.7796917
32.536255	-3.6782563
-7.093788	1.7133248
18.708427	-9.736326
-24.942463	-10.011628
30.06429	-2.857616
14.648472	5.410045
-6.6830363	-11.314633
-24.284498	-5.6299076
-20.38198	-4.4979367
-24.384462	-3.1642385
-5.893741	-7.346391
13.932126	5.8703184
-16.379278	-5.543936
-8.414788	21.143427
9.645122	-0.61909455
12.356882	-19.122822
28.94792	-7.969293
-3.8805692	-12.037405
-6.369857	-0.4026126
7.6418743	-16.699602
-3.3634095	15.960993
5.0677104	4.598008
-2.3632553	-3.9730668
27.15358	-4.2375746
-15.706341	-9.416014
16.264881	1.1322045
2.473769	7.488876
29.38699	-0.41770843
-17.820553	10.979284
-14.422118	9.567213
-7.7504597	4.420082
3.3671343	9.939274
-13.997683	15.022195
-21.156864	-1.4311513
8.567178	10.6831455
-7.628014	8.531231
19.528181	10.997009
-25.478365	7.747181
19.38932	10.928406
7.4530435	-9.882238
-0.452248	5.7991724
-17.908813	-5.6720853
-24.797565	-6.99284
15.393443	-19.451897
-22.918625	10.934905
-2.1125536	18.737509
-28.21752	-11.067846
10.959806	-17.526993
-2.9039745	17.072042
-4.0478354	-3.8840768
27.414087	-6.26062
-27.994286	-10.415357
8.566732	6.8517437
-11.852778	6.7341237
8.36882	-18.86546
12.629157	5.240681
30.617956	-7.6602674
-9.69672	6.6425533
-22.06724	9.175936
15.514641	-13.967119
-19.3464	-8.485299
-24.038559	-7.3951373
-10.761824	5.4997783
29.556742	-1.6301492
14.691582	3.0597732
16.870794	-17.487053
16.306986	5.6648617
-28.140162	-9.202364
-14.931961	10.816924
9.405437	-14.72244
11.258686	-10.602221
11.809055	-1.2174162
-20.369144	-5.109421
-22.40442	11.565576
11.394205	-21.447449
-6.5716467	12.229822
34.37342	-6.5844927
12.678754	-15.499414
-4.966249	0.3479711
30.762794	-4.9368134
-6.5258217	7.870036
-6.4447026	-5.3327293
-22.389345	10.744299
-5.403104	-10.863945
-23.149206	14.019502
-3.171641	-8.207469
-19.677912	-1.9433053
-12.321074	8.325151
-13.975067	7.115073
8.4834585	2.5560558
-10.758379	8.915866
-30.160355	-6.6597743
3.1305003	0.31940618
-5.921881	10.507205
-8.203135	7.4754834
13.350061	-20.63985
9.217031	14.962473
8.756521	-16.959127
9.831398	-20.29649
-25.35467	10.830873
-23.468111	-6.768005
0.96941215	0.786993
9.496301	-11.263117
15.07023	-18.395447
0.6338863	13.180147
-11.587893	11.557988
7.9825144	-13.736074
1.0020921	12.006479
-2.6234846	11.17404
8.917349	-9.663138
12.478605	-17.316862
0.7478452	15.015012
8.19425	-9.9315815
15.461789	-15.149974
9.875004	-7.5828156
29.749952	-4.59226
-24.58692	-8.013136
-9.434183	8.232253
-15.717636	-6.9158325
-7.6910944	19.167372
-9.7268505	-10.111633
-8.296798	4.683608
31.346752	-9.555751
-2.2904296	-0.9474299
-11.053613	8.374032
-12.465796	14.392742
15.157684	5.9874573
-5.054807	-8.378176
32.195107	-9.141246
-16.914623	-6.914899
12.080478	-22.12555
-11.625929	-0.86411566
-6.992629	16.65399
3.5546231	5.052685
-19.171694	-4.722387
-6.905163	18.040277
-22.777237	13.819953
-7.6471696	18.314503
-29.680866	-7.5056667
6.7214494	11.354183
0.7298009	-7.4737816
2.5378323	12.412351
30.72773	-2.8420951
-22.302652	-5.0677667
-19.087002	-5.7030983
-12.114489	6.4774656
-10.397018	2.2168634
-0.5280116	-3.5656993
-11.751141	18.742481
11.025314	3.217562
14.187556	-19.715046
-8.875605	10.34388
-13.191138	10.299726
13.507635	2.8235786
-7.915561	-0.5360871
13.942026	4.244733
-10.751672	9.528091
0.33134925	11.829433
-24.318449	10.589635
16.09798	-17.907717
-3.1237242	11.468051
13.3598795	-15.753662
27.83394	-10.714769
-7.663481	-15.785596
14.147829	-14.423207
14.125311	-10.306513
-1.8176266	-14.118581
-6.6296754	18.288235
-8.564045	5.1859016
-5.6204686	-13.330786
-26.639595	10.233109
-13.432349	9.066647
15.27593	5.1686597
-2.195206	-1.9798326
-9.135742	-10.91106
16.579685	0.59584117
-4.9675717	-12.061814
-7.7402387	5.9656076
6.356854	7.8677845
31.567678	-3.5594542
13.804591	-12.105163
8.256999	15.910632
13.501035	-8.723772
-13.572907	14.221154
-5.01266	8.031191
-1.0586045	-5.9871535
-4.918963	-3.7410152
29.571913	-6.6015244
6.1716022	11.289511
-3.2718937	2.809227
-1.6821818	-7.925077
9.080748	14.159452
-20.765173	13.0384035
-3.781092	-10.321206
-3.6533372	15.165835
8.773459	-8.459373
-3.0826902	18.55645
-28.797136	-9.555229
-25.06288	8.836029
15.043952	4.122612
-15.528255	-4.4832735
-6.4915657	0.24236399
-6.8371396	-13.224247
-29.133736	-8.358637
31.562082	-2.7681656
-19.341597	5.6205115
-23.819061	10.220505
-14.025395	-7.2647357
-4.465221	0.6435695
-9.581032	1.4575213
33.193592	-2.9892457
-23.031805	12.605293
-25.363243	-6.5112557
8.523309	14.860909
-12.432573	1.0227811
8.919115	-11.723992
6.9286013	15.969512
-7.032579	8.636675
30.50045	-3.9411244
-2.9425778	8.624223
25.828089	-0.26054126
-12.500512	5.1349134
15.573444	3.4844928
33.37502	-6.9086056
33.813404	-5.7112727
14.006211	4.9553385
12.469244	-13.816324
19.024218	11.159715
19.927776	10.498724
-22.673681	-5.499936
-5.648335	12.5325575
-4.417827	21.217049
-5.305407	17.636623
-0.044824056	10.647123
-6.74954	5.6746364
-0.96889913	13.358932
12.111727	-9.480505
-25.852983	-10.691722
16.941994	4.6443067
-23.147627	10.113827
10.590882	-19.700459
-0.61706233	17.887318
-5.172586	-10.958453
-16.083834	-4.8243494
10.314053	-8.492989
-4.636765	3.3693874
14.735786	1.6777781
-12.61207	13.858312
13.460598	6.559805
28.085472	-1.8660645
8.2299595	2.2856107
-23.771086	-1.1850066
31.584787	-7.5949774
13.599741	-19.514616
14.159005	-12.905236
6.1641192	16.200417
-4.401317	11.182793
28.74041	-2.955175
14.300123	7.2479444
-5.29506	-7.040249
-12.099976	11.659585
-3.5680475	13.065583
-18.54575	-1.6909814
-25.503714	-10.886968
28.556522	-9.796512
14.891701	-12.957135
16.177471	4.948526
9.546479	3.8354115
-10.283805	5.1773434
7.74505	-10.781648
-18.442865	-4.1128974
-3.697186	-15.664833
-4.060053	-12.619892
-7.4810333	9.769922
-9.267207	16.614805
4.4574747	-7.1287932
11.419467	6.6829123
12.600243	-20.209967
-9.269423	-10.9733715
11.638246	3.9878194
2.307036	-0.61729103
10.272345	11.156081
-1.6901032	-4.3418846
7.881921	-15.650437
-3.6207519	6.9941473
33.73907	-4.2442565
9.213705	6.485029
11.628045	-4.214182
-2.519532	-13.551736
-8.705194	-11.232533
-19.466713	5.689798
-5.655893	21.096048
-7.9559793	15.39383
8.829744	-18.79326
-9.545223	-6.1234765
-23.180803	9.196436
7.5670114	-20.184761
-27.987566	-7.8157883
-21.281265	-3.9999664
0.5557147	14.818541
-14.0826	6.392086
-1.1795344	9.405171
12.275281	-13.269717
-3.5445414	5.999317
-9.642066	8.686659
-2.6592696	20.746813
-2.6782174	2.5894585
-1.1781864	-10.918544
-19.183735	10.360741
-15.74513	-9.491341
-29.633732	-9.921809
-5.515167	9.950964
13.031692	4.1674337
-3.8431852	21.483799
-2.1517982	14.7009735
7.564348	-8.246164
9.188615	-18.18937
-4.497002	14.987547
13.443052	-14.823404
15.556611	2.5731885
-1.9280254	-10.876068
-19.44664	-2.719775
28.269024	-2.522612
-5.959513	14.799088
-2.802043	-3.694029
