-7.909313	-18.10086
-39.34421	-1.3670851
-49.143116	-3.4125082
5.6670423	13.599831
-31.693369	7.018258
62.33547	-9.495122
55.331856	-22.378176
-23.341215	28.171103
-17.825396	12.545605
-34.238064	-0.07235049
-22.969957	0.02843793
-2.973607	20.542414
10.018482	-52.633076
21.244415	-44.997757
58.83736	-10.354502
-45.078114	-2.884176
-25.074095	9.4922
-39.62875	2.0057585
-14.306518	-14.634534
-31.404655	28.42405
-16.462528	-9.097771
12.355972	28.834513
-27.897827	-2.5088143
16.347694	5.0042486
8.868655	-52.334705
1.0440174	14.208422
-20.279135	35.25414
27.391891	27.712437
-28.775103	-35.72262
-29.092463	33.4592
-28.47612	1.807848
-31.869553	24.003052
25.442041	4.654976
4.5677805	14.081824
49.52975	-16.122252
-24.060888	10.235529
-1.4423227	2.8429456
-11.200999	-9.512315
-10.576106	-13.283495
-32.522034	5.9862785
5.4496007	41.81731
-2.7455688	21.69132
-11.701502	-15.546112
21.928505	-32.14623
-19.499714	28.448448
52.0982	-17.845936
-33.489243	26.31454
18.91763	-27.226044
-4.338236	-21.187078
4.4961743	33.628555
60.609253	-8.963762
-25.202038	-35.200245
-19.122145	27.225843
6.7157655	42.805862
11.805224	-30.692076
-49.90036	8.15158
-50.02798	8.756958
6.388527	44.04726
-41.095417	13.005551
25.39745	3.8165684
-15.425017	-6.4973392
22.117668	31.31925
-24.894417	32.23133
21.679523	-43.18278
9.08334	34.871315
18.382925	-41.74959
15.215536	-45.154778
60.03884	-15.501606
50.502064	-19.410833
-2.1845646	-2.5703902
58.317226	-9.607678
-22.71827	-7.6086645
61.922348	-17.636852
2.8764017	-20.787142
1.4821018	16.271938
-34.21466	12.2553625
16.74162	4.2420707
-19.515215	-11.882488
-29.169611	10.570615
-30.646889	18.727535
16.455454	-34.09936
-9.379246	-18.30114
-24.429674	18.816141
-6.234458	-8.571261
-7.353493	-5.399045
-3.8776758	-10.812864
61.41842	-7.9600134
6.377576	21.946218
18.16794	-48.566406
9.752815	-55.57064
19.153973	-48.03912
58.647327	-6.572094
-22.117733	34.49851
-29.617289	35.258007
-23.43262	18.153454
10.777943	33.72068
15.716478	6.8591595
-10.173328	-14.08158
-18.923143	-6.040062
-40.582855	21.898087
-2.0658662	4.0314703
56.987415	-5.4569693
6.201591	35.85202
7.78403	25.146257
17.0513	-51.5932
7.255552	33.256874
10.585755	40.912212
-44.337734	12.640012
12.799577	35.376022
-45.829727	11.556154
14.804116	-26.961645
-38.043846	19.071978
21.678026	32.48292
28.631483	-36.897255
7.856958	43.529484
-28.312704	-36.935535
16.239403	-11.496411
54.868496	-20.142174
26.854197	32.102173
57.127476	-15.006655
9.012472	-55.201725
-25.212358	33.112675
-28.824566	-2.7039785
19.961325	-42.312096
-18.67182	-38.296272
19.482906	-49.264484
23.46488	1.3122838
-19.567633	-28.850672
-10.853502	-16.64611
-5.0644574	-18.542528
56.457535	-17.302174
25.806059	29.09021
14.6051655	-24.57149
9.88299	-45.019463
-5.242264	25.841362
58.257786	-18.834652
-21.754787	-0.45606488
27.713171	-37.541424
23.940952	34.329754
52.735504	-17.404755
22.32267	0.6825024
-12.195423	-22.12379
17.638954	31.801157
10.16775	35.481697
13.4215975	28.580288
-7.4883943	-6.53239
20.255966	0.009208234
11.742957	42.26766
12.700984	-22.613811
13.157367	-2.290308
17.181524	-46.23702
59.50791	-7.520954
-7.6399603	-15.631163
-25.762205	1.4903872
6.8624477	-53.65027
-33.35904	28.220427
-44.445442	-3.2617276
-17.555256	-8.458897
49.12656	-14.813986
14.415235	46.22956
29.5809	3.5486088
-2.7303462	19.915476
51.295765	-21.903578
-46.807304	-3.0920894
-31.264015	17.374832
-48.410522	9.979174
-15.709029	21.090948
-24.105953	17.601578
4.1572285	40.556274
6.8478513	23.084343
-38.68601	9.298183
17.657051	-11.235148
-30.587847	-37.208027
17.743738	-10.361419
14.945865	-28.435604
-5.3296723	25.702501
8.352472	39.057476
19.805122	32.550404
21.817484	-49.099163
-24.007084	-37.202267
-23.865524	23.660719
28.964346	30.987288
16.665762	-52.25771
-32.101307	25.541285
-15.9445	-9.731028
56.64807	-9.757707
28.029087	30.904821
-16.483185	20.18191
-42.694218	4.832871
8.582215	-50.13941
18.70671	1.3572946
61.446842	-10.38132
-40.87954	10.092724
-24.59416	-39.802948
18.79811	-39.793354
6.281099	41.803314
19.637224	34.045353
-46.571056	5.310064
51.47298	-19.222635
26.780804	4.7561107
24.434307	-44.74416
22.053673	4.686776
26.8263	29.476498
-30.231174	19.133533
15.459955	-53.4632
11.287208	-31.022545
14.811939	4.2915316
11.049343	35.290268
-22.680756	-37.31356
10.31626	-46.743473
-41.877945	20.771875
63.13452	-18.170097
23.19188	-41.996986
-27.263344	-1.1391388
56.41915	-15.823346
-42.561447	12.734422
-18.733343	1.3923056
-23.810526	-38.161522
-11.181312	-21.740854
-19.185825	-40.37331
-4.1763053	-8.629519
5.9954405	34.338352
-44.873962	5.7248755
-42.224842	1.4443076
10.396956	3.5973613
-37.494907	6.899894
28.082447	24.628021
2.7737126	-19.585392
-41.23711	18.21015
-44.262768	13.358046
14.425952	-46.80928
2.9653685	14.480355
9.27832	-53.536697
11.814351	-51.736404
-25.876966	-33.82758
18.536352	34.180973
-25.113762	7.911785
11.795752	-29.21863
21.099924	-48.771004
-17.947042	13.541168
-26.662628	10.947977
12.239495	-52.593925
-21.679369	13.192328
-35.91035	20.25489
18.32806	-29.859564
19.045094	-45.392006
-18.181847	14.641302
16.396612	-27.74496
19.273151	-41.721756
17.190155	-22.888195
54.72302	-14.653827
20.830353	33.885143
-43.66042	8.184607
9.233881	44.785286
-30.633976	35.409935
-2.211889	2.362999
-49.434944	10.433894
64.30552	-9.919339
-26.049604	-3.6936395
-37.3763	5.7122135
-21.126223	18.747879
22.1639	-0.54571104
-6.86293	-9.073752
64.88668	-8.869323
11.76799	44.978317
26.154285	-40.509205
-24.756666	2.283241
-27.864334	32.217117
-40.950035	-2.5936055
10.225427	37.27213
-30.9339	33.262985
-19.430744	-39.61849
-29.98006	34.209877
27.938665	25.612114
-1.0035352	8.9696045
-3.4775486	-14.053454
-17.76894	19.242998
53.49599	-18.244503
11.691714	32.17058
12.1818	37.48443
-42.398373	4.238317
-38.631065	1.2295498
-21.46542	-7.845694
-21.075775	34.87231
17.4361	8.304329
16.189322	-47.904232
-49.11333	0.60479075
-49.174072	-0.17654985
21.149904	-2.8145885
-27.342901	1.9276404
20.882164	2.331375
-36.836056	6.526484
-20.118752	11.467496
-26.0062	-35.299755
23.081743	-45.029522
-36.691944	20.105368
22.530529	-42.10248
-17.13054	2.4974155
-16.367643	-16.079502
26.174341	-38.554707
17.005854	-32.117516
-4.028303	-20.27739
-31.757887	33.663773
-49.67346	11.692243
-10.170638	-16.65453
-28.329933	-33.5775
-31.689941	16.524706
21.48639	1.4500835
-16.954748	-4.7961397
-2.3087018	0.39792398
30.188206	3.613153
-9.482919	-19.045258
-44.822468	8.870585
-16.200201	2.7994406
55.8238	-18.251951
17.687613	-36.246063
0.89769983	13.197401
20.96139	-31.471426
-22.312725	19.081482
-40.57622	14.545898
-20.186924	-8.296599
-15.29329	-11.249726
58.870415	-9.097233
-1.4521406	8.076897
-32.8666	-1.0058488
-3.2648144	-10.42477
3.0687044	15.496115
-19.974024	-36.06114
-4.649653	-12.605813
-31.66721	26.56572
16.55387	-23.389414
-24.432163	24.040352
26.744053	28.588743
-29.212786	-36.577778
24.323587	0.88255095
13.5233345	41.580154
-22.409346	0.63905555
-11.552997	-17.588812
28.542974	28.430002
54.95955	-18.949175
-23.314962	-26.165121
-25.907778	-36.421074
9.881413	46.15488
-28.388905	-1.2572916
-35.256268	0.782748
56.04739	-21.522614
-21.114101	-39.20093
18.659433	31.777561
1.6680135	14.827809
-28.62627	12.584099
12.164904	-28.209827
-0.99259055	13.502794
-40.399685	11.023705
57.731865	-20.04041
-34.277237	11.601145
55.07629	-23.999966
-41.064827	3.3046687
25.944155	2.6479306
62.99214	-15.888067
62.245266	-17.06848
22.61823	2.1313288
21.70439	-38.76512
16.922445	-10.53948
18.789194	-10.7781315
11.66404	30.737434
-40.982502	21.274866
-21.2405	28.377289
-32.198	31.45446
-20.127424	10.81651
-47.73753	12.510836
-28.217655	24.857286
19.594894	-30.641943
25.323727	34.11279
24.00767	5.2766056
-25.210566	-37.234337
11.48044	-47.43017
-28.802187	3.5312989
-10.210875	-21.764019
12.4624405	41.716133
17.324635	-29.47917
-30.813711	-3.6126623
25.852627	-0.26502874
-22.157743	17.931507
18.59793	-0.4665811
49.078304	-18.918638
10.159402	3.4248452
12.040313	27.202042
61.74944	-11.503668
16.792536	-47.243786
17.929947	-37.9362
-2.6670494	13.1013
-38.95414	18.804579
49.995277	-17.084671
17.28256	1.9287468
-8.092634	-7.120542
-27.955452	11.724048
-37.825283	21.999666
4.428846	35.152325
25.34237	35.124767
61.90446	-6.7611637
17.025723	-38.521557
22.877247	4.907122
12.419075	6.587984
-46.89314	5.7686887
15.515472	-26.68486
9.473508	37.977673
-4.450535	-22.798174
-7.854377	-16.765352
-45.259533	-1.1266174
-26.490711	32.547222
7.326776	26.36331
16.900562	-0.7537732
13.935754	-47.575977
-2.5796661	1.1642226
17.489178	6.6350965
2.8235347	-21.380432
5.837834	20.33035
-18.371279	-7.224907
6.276202	-54.241394
-34.95921	8.324117
59.816433	-19.217157
14.630663	8.406217
15.545003	-33.996502
-4.6806417	-19.3288
-3.0829308	0.15166703
-23.30392	-26.51734
-23.16592	27.137543
-49.03472	13.846409
9.095206	-50.610912
11.632354	-42.143734
-25.934055	-38.48809
8.863709	-47.389816
24.403336	29.138302
9.451002	33.49126
-17.304499	14.164631
-41.270702	1.675918
-34.07287	13.297568
19.235151	-37.72441
-33.0314	6.818027
-43.07402	7.964717
-19.003586	26.839886
-31.940536	-1.6235257
-7.292296	-20.47946
-49.042263	-1.7312114
14.786132	46.36501
25.784782	27.422318
-40.256355	17.902626
20.566605	-1.8056866
-20.64861	29.111961
-29.537577	25.95424
17.301119	-24.694056
8.23886	-51.332428
-30.48082	27.380749
22.473158	-39.76095
26.753923	2.1278007
-9.299306	-21.854528
6.6716547	35.675835
49.35363	-18.014444
-29.19191	29.655773
-16.639147	-7.6674595
