34.90967	6.925545
13.523543	-33.78933
4.4788413	71.92292
-11.265644	-39.424004
32.315094	0.109792046
6.528961	-35.761333
47.884384	15.956579
-16.104933	24.574684
-15.732684	-42.31792
-4.155146	-37.77817
-33.54941	-43.37638
-20.742104	-44.047157
-22.623648	35.517303
21.432722	23.464914
-24.67664	-8.909576
7.700012	-20.361443
-30.075718	-15.59941
6.2933054	-18.604818
-37.77333	-39.63239
-3.141061	34.511787
-37.97473	-20.0279
-9.631328	-11.650529
-27.795963	-46.82361
14.285976	-24.4902
-32.38727	13.491083
4.0843916	29.534666
8.748354	14.542629
-20.47905	27.725359
6.646117	64.291595
-10.684503	34.390007
-7.7376246	-36.368782
35.8019	16.266245
4.7250986	10.527586
-33.45142	-21.66876
45.13889	19.088358
-2.8682997	-37.692066
-18.960558	16.00195
-27.018936	11.581681
-21.303087	26.358536
-20.154137	-50.791462
22.21581	-27.428173
-24.118828	-40.823708
-28.821617	37.914684
3.8215675	-14.100116
-22.29675	37.343163
-16.59155	20.094791
33.61529	14.099368
-27.988993	-17.727852
40.61122	10.725926
-16.833864	24.694664
-23.482428	-14.385185
2.5965421	62.699524
-29.793278	36.796482
46.669434	-15.491357
38.849537	11.375149
-31.547102	-25.498856
-26.120302	-14.483039
45.586613	-16.69879
-32.208725	-43.67361
-26.754717	17.078074
-38.99681	-23.646408
-3.0044663	64.98102
-13.114882	34.914272
25.109472	17.501749
0.13982527	4.08324
20.370758	-31.427588
42.225986	18.502651
36.645893	-6.232527
19.553743	1.2033689
-7.881201	35.97188
-36.07489	-20.166628
35.514423	-3.809874
40.919056	-18.556625
46.05656	-5.9945655
43.812717	-3.7990522
46.852364	-13.93115
44.792774	-16.17656
-20.194178	-13.234361
9.537459	-23.379015
38.1551	22.920044
38.200436	23.841194
6.7999163	13.193248
-19.473076	10.504154
-15.833694	19.521624
-24.084785	13.662217
33.067345	18.790531
2.6559455	-39.14186
11.6510105	6.061661
-22.453436	2.562931
-14.942658	34.2635
47.759644	12.064488
12.697853	-29.60308
-17.478691	17.64162
25.290422	24.90496
5.1121426	-7.276134
-13.431046	-12.98733
21.278809	-28.614897
-25.547651	43.047302
-26.350433	-11.197712
36.651157	24.494377
-16.49979	22.118591
19.896915	-28.462662
0.892487	7.05159
3.0551739	-33.04131
-34.568127	-40.64717
7.8093376	13.806001
-10.120435	8.684506
-25.386328	-51.245644
-4.866373	13.095408
-35.637657	-43.07955
-37.38455	-16.967232
-36.296978	-37.364265
-4.2707033	13.648468
47.498096	17.10132
45.50506	-20.146605
4.904371	63.70367
40.626995	-0.836321
9.111697	-34.67457
-5.398518	14.251507
-24.342155	-15.125169
-29.712624	16.10219
-13.832451	31.706388
-28.80658	-44.994656
3.4188833	74.247925
-1.5695236	70.930214
-20.236305	13.89791
-22.09405	-10.929199
-22.507849	-5.101708
19.88486	23.496195
34.97051	8.85168
1.8808264	-31.939102
2.0923498	28.815084
-25.641481	38.655262
48.09314	18.098776
-10.147369	-34.646877
-21.372982	-50.490917
-32.25579	-25.469172
44.26294	19.733551
38.97098	-6.0433884
36.90999	25.5658
-30.025068	-16.503786
2.6979406	-1.0976459
-1.886948	21.420542
-6.2802916	4.5245795
-6.7215104	12.484189
-17.840488	13.736288
-12.896154	-40.712143
-28.011541	-18.78222
-6.792863	34.847527
-25.394909	-47.545902
-20.812622	-11.547653
48.338604	-16.415504
31.393648	22.90468
-33.347282	-45.377834
-25.066061	37.20903
39.40452	0.13276768
6.4545093	-11.996719
-33.232456	-40.060852
33.80999	9.99768
-5.3893776	-12.375026
32.151638	21.5651
-20.029873	-45.08452
18.781715	-0.4911811
3.4546087	73.25679
6.330078	-1.2967495
-27.89409	-11.40695
9.610602	8.545674
5.713715	-2.2637217
34.17367	17.726162
20.07108	-30.47703
40.757652	-17.667751
33.006893	-0.3818487
7.4606614	68.87764
-33.22823	-41.454895
5.0708394	-14.301519
-11.032773	-35.362133
-8.591244	-35.58125
-3.3689594	4.464802
-19.184568	35.057438
1.2997575	65.88601
-29.725775	34.429592
-2.8497272	27.62756
-29.427252	-10.019847
26.210697	23.450106
-36.277397	-16.935463
-23.665934	37.66986
-2.806933	25.56051
12.225811	4.326597
7.3980865	-9.4778385
-30.792294	10.766315
-14.109934	-42.148483
1.6217979	-38.622498
17.027388	-7.0496817
-2.4843912	69.28149
-18.06656	10.395014
18.616508	-28.978947
-10.511746	-12.713043
6.1572437	-22.927206
17.467932	16.32929
27.53962	22.934345
17.710629	-2.6393628
-20.464243	30.14434
2.605693	28.205538
18.992493	-4.507233
-25.484398	-9.554683
46.19725	-3.7303083
4.7462506	-9.013534
4.8284435	69.59419
-0.06428511	66.61645
3.6735613	-0.7616674
24.099628	18.118044
5.622233	-34.462345
1.7389593	35.631683
-26.678099	-47.885456
-19.335335	-12.988643
-26.82823	-48.76299
-38.146446	-15.374176
0.45622635	67.385735
10.849753	5.895945
-2.4863753	70.42876
30.307976	16.801083
-17.55505	21.336409
14.023894	-32.811813
11.06936	-23.198244
47.840492	-15.146128
9.978525	-33.92681
-22.317026	1.2976424
46.214924	-2.035613
45.59437	11.846441
31.467798	2.4092026
34.083946	3.7464762
3.234216	27.166
-27.125834	36.828133
-33.01931	10.291013
2.9548821	60.794163
-6.5710907	3.1553366
36.715202	-3.2488513
44.58457	-19.017403
-13.884141	31.117863
-4.9873376	-38.237316
-21.72881	-0.9716448
-34.175026	14.530167
-2.702362	-10.904026
5.8834243	34.24027
41.87436	17.351809
18.280386	16.532904
-36.832516	-21.117401
-35.72977	-40.906403
0.4194943	2.789029
-27.438942	16.050154
17.464811	-8.56486
-7.2751126	13.296211
8.192165	-23.638773
-20.992714	-45.884293
-5.9180126	35.33282
-24.14639	16.19315
-27.910892	-10.502956
10.75664	-32.76952
-32.60585	-45.05558
7.7940416	-21.9709
3.4504702	-9.846576
-8.3876	13.312565
-3.2841847	29.086275
13.737854	-27.239206
23.580206	-32.531693
20.595556	-5.484371
-28.266031	-28.713974
23.316002	22.489084
13.317765	-26.205708
-31.311453	-20.45801
-9.815095	34.61096
3.0334365	70.85175
-18.058119	27.754303
-9.444508	8.473539
5.049035	34.1668
8.481383	66.91042
2.300043	-12.046292
4.2106686	-2.754908
-4.2103257	-11.306669
-11.279727	-14.046207
7.307829	-12.539376
6.86195	-16.782404
35.678116	-2.7769535
30.807577	23.992588
-11.338021	-34.186146
-25.846975	43.497936
5.9678583	-7.4937673
5.4622846	55.865883
45.232162	-4.394719
-39.625214	-22.572271
-11.966551	-12.962606
4.0729847	-29.635868
9.757964	-27.96229
3.358963	62.104755
17.839672	18.028994
35.74219	-5.380198
34.779106	5.017423
-20.230303	-49.554516
2.856396	30.03869
49.643066	11.183626
22.031473	-31.426899
-18.17458	-48.652668
-18.666882	34.22755
-30.649805	8.824377
-3.525686	35.873177
8.523291	65.9257
7.9316025	-10.850122
-31.376144	31.413864
-32.292995	-40.610664
-22.365135	13.918583
30.069822	23.435581
1.878092	8.526656
-23.56866	-5.1893992
-29.81039	-26.979929
15.544166	-26.148417
19.866947	19.401068
-27.141085	36.045048
6.2659216	-10.892947
15.677664	-0.22714002
-24.863836	-50.547146
46.86256	-7.600853
-40.81187	-21.589367
-20.55219	-52.15784
-10.267369	6.7947736
-21.403955	-49.08691
39.395515	12.865624
-19.72221	-43.41801
0.6992061	64.893135
7.5728326	9.217085
1.5751257	33.596375
-35.926792	-39.204426
-8.19442	35.063366
-3.2443564	26.955154
6.9618645	65.20313
-31.088806	-15.499728
-12.432851	-14.076302
-33.3852	-23.357758
-3.3114965	61.878437
-5.0859785	21.473042
15.360911	-23.662838
16.955906	18.46478
3.6465497	64.376144
-21.774021	-46.49718
-20.090279	-48.229496
-6.9225097	-37.105927
49.24085	17.494328
4.0154514	71.02363
-3.1982937	22.403866
39.760956	-5.2607727
3.8760467	-31.115316
-32.986275	-26.543116
15.824253	-32.107517
9.180702	-27.691402
47.071842	-10.898298
38.854828	-1.99663
47.53077	-4.969335
-20.86625	-0.9665409
-32.902954	14.105642
41.778114	-13.157969
8.187161	-35.299694
-29.206802	-18.554596
41.36346	-15.409872
31.669428	-1.0408764
-20.809195	31.060156
-11.9157	-15.996284
29.138474	16.963484
-19.40995	31.84742
-0.23274708	34.258503
40.785378	-13.7005005
-37.322777	-19.238178
1.1761285	31.313309
50.3876	16.836493
43.462597	-1.9330045
-17.550295	22.60696
2.0905535	64.580826
-39.222637	-14.402788
0.83430266	-32.78205
6.5694666	-2.7913141
-25.074593	-21.08112
41.311188	16.854
-30.140156	-43.92216
1.9340886	67.996666
15.78638	-3.4841137
-28.908741	-28.943035
19.922853	0.27963948
46.445347	-13.224586
1.9331906	7.376412
-0.6304166	-33.907505
19.81194	21.59301
31.577015	16.2256
4.047059	-39.02536
43.025757	7.140762
41.264782	11.980925
-12.135756	-40.05842
-26.318583	15.449654
9.5816	-22.399925
18.289513	-1.7114613
-0.5575232	5.9748425
43.38427	5.4757056
-0.23513179	-33.039253
34.910496	10.131295
-21.861597	25.418833
42.26784	8.857127
-22.90446	-4.197006
-34.425934	-20.91739
-8.822521	6.4313793
18.029085	-6.443682
22.16437	22.33672
-29.132702	-13.18793
20.367975	20.37808
-5.7741346	-11.572103
-0.6311535	-37.671368
30.590185	14.871252
-19.15853	13.744544
-0.9229567	-11.04173
47.17517	-3.1516008
10.422001	4.743371
-4.348871	-39.333206
-21.487595	36.47321
17.349962	-28.217058
49.524906	15.213709
-2.02321	5.02781
18.084332	-7.4152446
45.37844	-2.8808
-25.334717	15.300773
5.124938	56.66155
-28.68959	36.08292
-23.008205	36.40919
-31.602314	10.126677
-20.563402	10.348057
-1.010241	65.24769
3.4720716	-6.669623
5.900072	11.321113
-26.398228	12.400373
-38.704826	-17.654428
4.5173326	-12.786603
46.85506	-8.880206
32.19561	14.066271
2.8657916	-38.102383
8.261967	-12.101496
2.3914998	34.63291
32.972427	-1.6425009
42.392056	12.668474
0.28451627	68.52274
7.2026253	-18.63044
-2.6424906	23.04642
31.911818	10.756161
43.51963	-18.80057
-30.698816	32.356617
-1.3672298	32.58937
-25.546995	-19.91595
-29.79167	11.174799
-1.8485512	31.754482
48.498096	12.215975
-1.7522317	16.454832
35.63197	24.65927
5.4143987	10.048728
34.927227	15.219127
-17.640493	26.55178
-38.86263	-21.991346
