-21.040379	-4.7368107
-10.947151	0.7584141
-3.0658267	4.1344714
8.637467	-2.3123188
-11.525542	3.7141998
-0.498487	-24.902395
-2.9370067	-24.461075
2.8433921	17.244503
-11.76172	5.270295
-20.05983	4.941599
-21.584135	0.21963765
-4.218603	3.3126378
29.621553	-2.0363913
24.380037	-0.83593774
0.77922827	-27.294907
3.7455938	-1.7223111
-9.624714	10.314909
-15.324724	4.2484536
-26.473795	-2.021958
-4.8886795	8.56908
-27.592962	-1.2713493
8.6342535	3.1177707
-21.954872	-1.5240351
6.0573716	-5.481488
29.976892	-1.121502
-24.629404	2.2248545
0.3689941	14.059833
3.4970698	16.854538
-12.285816	-9.154691
-1.9242111	13.008632
-20.693521	-0.97385293
-12.9436865	1.3895941
9.058727	-6.94305
9.818643	-1.729087
-2.7290554	-26.832552
-19.189789	3.129598
-24.992569	0.41609153
-26.938545	-1.6185894
-23.626497	-1.0436509
-14.000977	2.6344383
14.921325	13.956369
8.452857	13.541104
-23.23289	-0.24269839
19.487965	-4.658705
-5.6452494	13.073823
-0.12104221	-28.095226
-2.7971833	4.8452024
29.66989	1.0296563
-17.906406	-7.8873734
4.3023744	17.077461
1.5982553	-25.653887
-3.772877	-28.918982
-6.845294	13.301485
14.676861	14.615856
24.038952	-3.896915
-21.65877	3.927586
-21.284805	4.6317196
14.230651	15.623355
-9.736241	9.356027
10.280212	-6.8166513
30.540247	-5.5597367
11.842831	18.343039
-2.9068377	12.476016
22.683556	-4.5418158
9.694131	16.100782
24.138763	-0.172332
25.933384	-5.455204
-0.75563645	-23.438005
-1.7675775	-26.892439
-19.268736	-0.19126187
0.82774764	-26.936756
-10.491149	-0.96183884
-1.3870219	-23.438583
-11.639101	-7.89164
-11.270944	-8.182649
-11.27189	-0.10612876
6.3110743	-6.1434712
-21.76754	1.8621659
-10.157285	3.8363886
-4.9024796	1.8647864
23.36543	-3.2835839
-21.900251	-3.065435
-3.8821921	14.277572
-24.66258	-3.5442777
-18.802233	0.026531689
-19.810658	-7.6377816
0.04111207	-24.139318
-17.17222	-4.9681435
27.094534	-4.5142684
27.659605	-1.5501292
24.706879	-5.1753373
-2.2786222	-27.675272
-4.1242785	12.272981
1.2646677	13.88547
-12.9269285	5.1442623
10.666611	16.818258
6.9774065	-4.3327775
-23.98159	-0.3503741
-25.10412	-0.7936209
-7.739288	5.084963
-26.429651	-0.25520214
15.923341	18.012247
8.229196	15.567761
14.045118	12.638857
29.21629	-4.7055774
12.967748	17.771984
8.392621	15.248382
-9.956772	5.8752427
10.7953825	15.891357
-18.424137	6.948394
31.286243	-4.264684
-10.5604	6.341616
11.294767	18.036879
-10.5308275	-10.671535
13.861717	14.532936
-12.905965	-6.2549934
3.197265	-4.765429
-0.8188597	-27.29931
0.4643296	9.779451
1.6863544	-24.88684
30.737766	-0.8827458
-2.3190432	12.482192
-21.675962	-1.9174318
26.057255	-4.7004075
8.0808325	-1.7855117
28.223354	-5.2670794
9.898341	-4.818071
-1.5411317	11.023874
-21.683475	-4.096424
-17.648815	-6.946921
0.6668933	-24.987844
8.077892	17.189037
30.700739	-0.1960312
-19.476955	-8.533267
-0.68481976	10.132059
0.08054119	-25.56665
-21.166231	-0.086392865
24.527851	-7.279988
14.240761	15.699056
-0.8404497	-27.914515
10.644059	-5.1735187
-24.61865	1.0591582
7.8287344	16.960882
10.114338	16.544727
8.667575	2.544499
-25.551552	-3.090611
8.28275	-4.4881506
6.3666615	14.630772
14.262788	18.495438
5.5959578	-8.208954
28.77877	-4.5397515
-0.9974956	-24.815458
-20.33291	-4.2434607
-22.366896	0.60306907
30.124546	0.12685163
2.934117	-2.7807813
3.6996658	-2.1338313
-24.576712	-2.5470245
-3.4974093	-28.650385
8.467012	12.375673
7.590991	-7.394409
-17.18064	5.768356
-3.607674	-24.939093
2.5465221	-0.87304306
-6.030473	4.3632646
-8.585043	13.116438
-4.088098	4.507823
-13.253934	6.4849415
13.011368	14.136114
14.939006	13.328893
-9.787686	3.7780015
8.60508	-0.869979
-15.12371	-9.702799
8.81109	0.5674984
27.41563	-6.5653043
-1.3003889	9.620227
13.417904	12.119542
10.56402	17.725122
28.532942	-3.6080134
11.55742	19.141582
-20.322443	4.3520236
-13.937615	-5.2876797
28.886497	-2.3802907
-5.540789	7.9670434
-27.67186	-1.7136695
1.7805414	-28.081585
6.390919	18.6344
3.608188	-2.6652951
-11.42771	2.7647235
30.909103	-1.6536843
7.5026426	-3.8808289
0.012150101	-25.51546
-10.562321	2.7810185
5.38926	12.606435
25.295027	-0.114412874
14.629819	13.386782
11.938906	17.70605
-15.602759	3.2204835
-1.0097163	-27.04418
8.22499	-5.182971
24.956476	-6.8498783
9.595982	-6.300869
6.0504985	17.493439
-9.589887	-0.72656405
30.531775	-3.1141896
24.147099	-7.072941
5.5108466	-8.375388
12.475304	16.3935
10.193132	18.53507
27.588835	-5.995253
-4.604713	8.05489
0.012637557	-22.42376
19.871988	-4.6316247
-22.472239	-0.16756767
0.94229895	-25.664293
-7.00475	7.673072
-26.015923	-4.1405816
11.319611	17.054012
-18.401312	-4.8902683
14.46345	11.359961
-13.696103	-5.8113837
7.0492706	15.749495
-10.474249	3.3376489
-12.908864	1.0283579
3.0991368	-3.4661758
-12.9411335	3.1980927
6.2599154	15.264072
-13.699968	-8.697165
-8.246712	4.565953
-6.7181187	6.994916
26.474167	-6.1896477
0.78395504	12.732747
28.836363	-1.6083083
30.13022	-4.691291
-26.518753	-5.5452547
9.057451	17.456856
-5.897279	2.7324119
26.634954	-7.3874044
27.423277	-2.785751
-20.229248	2.379648
-9.943914	10.4716425
30.202868	-2.2145765
-21.027384	-2.0027826
-14.269342	5.1653433
23.900322	-3.047936
22.975813	-5.9801264
-20.58663	5.1580114
32.189606	-3.6641498
24.606117	-1.1469014
18.220982	-4.9062257
-1.4240631	-24.056292
8.926338	16.963715
-6.4283123	5.6792603
10.85939	13.932936
0.697075	13.874037
-27.192966	-0.49416456
-7.741099	13.110903
-2.7105052	-23.588411
-24.801617	-4.5621295
-14.79735	2.9998841
-5.5115833	5.0910244
9.154199	-5.9550176
-23.00798	-3.238938
-3.4151113	-22.738571
9.288268	11.585036
23.60046	-2.1992996
3.691053	12.268412
-4.0339413	9.051829
1.5000539	-4.1578803
8.889328	16.313038
-0.3634204	12.381723
20.398285	-4.7640452
0.049038514	12.650012
5.9808936	13.116248
-20.823698	-6.192789
-17.49672	-7.9832807
-14.65964	1.7984995
-0.12959643	-27.251308
10.124442	17.687098
9.290111	13.611612
-11.238649	4.5790453
-15.959606	2.2310581
-16.624931	-7.5591927
-3.2609956	5.905578
8.8563	-1.7226803
29.178408	-5.5410166
-3.3293185	7.7588415
-5.027246	5.1630683
7.029746	-6.6778407
-22.78035	3.2181075
8.310545	-5.852347
-14.334044	4.542899
-11.761769	3.7886307
6.2385254	19.075827
25.976831	-3.7898972
-13.978453	3.383657
22.329735	-4.937571
-26.887049	-7.0776176
-24.688437	0.55714506
22.304653	-1.8324497
24.77514	-2.5250363
-18.218983	-9.157789
-2.776813	13.429445
-6.6261263	12.780152
-21.465683	-4.9736495
-13.753887	-9.470981
-5.9257007	4.4365835
9.064382	-5.096397
-20.066694	3.6718893
-25.877106	-0.73321587
6.964112	-8.611795
-21.906406	-2.4944692
-9.592208	11.951213
-2.1361082	14.505862
-0.8114323	-25.710764
22.205193	-3.7590075
-25.992928	-3.501002
25.626589	-6.1234965
-2.9786603	5.8222857
-10.476709	7.0588083
-15.528205	-8.352487
-27.774672	0.81990266
-0.09373018	-26.45445
-26.994629	0.49925512
-11.525496	2.24364
-12.616099	-11.992421
12.465283	18.434113
7.6090984	-0.6571571
-22.423845	-4.578029
-9.1776495	7.67694
18.293308	-4.8988605
-7.6331444	8.652611
7.0462356	18.195015
-11.645605	-9.470104
10.085804	-5.3391128
12.43176	11.307538
-21.544462	0.33563158
-22.21172	-5.82851
5.7759933	12.438186
-1.0168405	-26.423267
-19.611193	-1.5813782
15.013782	15.827021
-3.6685836	2.7687886
-19.807842	-3.368189
-20.062466	0.887311
-2.7110052	-25.522707
16.06314	18.033983
9.547991	17.95467
-12.459572	-8.044805
-16.911024	5.176851
29.540386	-6.163255
-6.628256	5.20738
-9.710387	7.2202044
-1.6314267	-24.929857
-12.52435	2.0806975
-10.683061	-10.347594
-10.787055	10.964229
10.525962	-6.090454
-2.0179818	-23.713892
0.10072079	-23.191628
9.5656805	-4.756037
24.4639	-5.736846
8.769977	-0.44022307
11.467081	-6.910373
11.321839	17.44693
-7.0074897	6.4951935
2.8054304	17.244385
-2.5911286	9.183312
-10.305806	-0.9408907
-5.082549	12.819136
-10.797531	8.392466
24.670282	-7.4505305
-10.600551	-8.440328
9.72686	-7.2298265
10.603067	19.217455
29.649208	-4.363863
-12.728637	8.072866
-20.830036	-5.2231526
7.157978	14.755955
20.734785	-3.77593
-17.637527	5.9900346
8.884728	-4.287634
-8.947765	3.893163
9.959356	-3.9831426
-2.1525238	-28.726772
1.5859568	-4.477168
8.491093	0.17773661
0.9562437	-24.199728
26.90555	-5.464652
22.762384	-3.305441
-8.776378	6.2970457
-8.958448	4.851395
-3.0158865	-27.423433
7.577923	-5.3143606
-26.693771	-2.791169
-9.874162	2.508094
1.0852069	-0.8709726
6.5868487	12.69228
15.468187	13.906637
1.8112702	-23.373632
22.91621	-2.2400868
9.6285305	-5.7853703
3.583587	-4.561197
-19.05959	6.0329847
31.060656	-3.2229536
7.917831	16.11139
-20.14037	-8.212417
-20.892387	-3.350234
3.4126482	-0.85199654
-3.5372522	9.099352
13.175797	11.523715
8.017713	-2.953218
25.270668	-5.6434855
-26.124413	-0.22928935
7.905038	-2.1347697
-14.069736	-8.661905
5.947229	-6.6245065
-22.331154	-3.98637
29.795588	0.025690576
-13.024373	4.0477195
-0.9470567	-22.6546
6.525352	-1.3418276
19.76943	-3.4422429
-14.631497	-8.672984
-26.315386	-1.3206552
-24.589624	2.0004642
3.5341396	17.36163
-3.9333787	13.178814
31.169882	-1.8211235
27.713837	-4.6882057
13.2107935	17.443195
28.758802	-6.4379997
-1.6294092	10.082362
7.782062	16.479021
-21.248507	3.3815613
-15.169595	1.1555284
-12.282774	3.2897317
23.124603	-4.114966
-15.591981	2.052605
-6.436527	6.1194115
-3.9979033	9.861965
-12.418614	0.60912573
-17.725588	-8.3569145
-2.4849412	10.298476
8.447681	12.287654
8.617334	0.9875954
-10.533791	5.359665
7.0587378	-5.389153
-7.897415	13.671547
-8.220614	8.679723
12.202819	-4.9100814
29.991043	-1.4865893
-6.991705	8.881749
24.270882	-4.522641
8.73441	-6.5435295
-18.307243	-8.471523
8.997226	15.233347
-2.1310966	-28.502882
-8.646678	9.476904
-27.83814	-2.1968582
