-14.305391	-10.492052
28.04556	9.1404505
-49.62825	5.401504
0.5973692	31.38052
-30.889307	21.95767
-25.573685	13.479118
-9.1525135	10.955365
37.72022	16.504314
45.305588	22.500317
8.185135	10.769188
-16.988901	11.038322
8.893297	25.93859
-31.147545	-40.605553
-15.013353	-48.066223
-23.869974	12.095262
27.96483	5.1146655
28.38292	-10.099189
24.761108	8.496379
-19.323654	-9.346301
28.014364	22.840591
-22.231424	-1.3998859
12.878902	-31.24301
4.5536723	4.35837
6.4150805	47.728058
-29.988003	-41.82596
1.6852065	27.064667
36.14639	-1.4016976
15.346456	-16.837631
-44.937122	-1.3300141
28.68341	18.756119
-1.2113262	4.309808
31.898283	28.32067
-7.0354886	43.262783
0.9840828	29.972788
-12.073981	21.929056
28.790129	-9.228642
1.0070696	-20.187162
-17.096655	4.811313
-18.267153	-6.0075617
-30.280458	21.05729
6.8050966	-38.95194
10.038204	26.12745
-17.805151	-9.643874
-21.53328	-31.4676
39.30242	20.255896
-11.715629	15.4085
29.504372	28.081823
-36.073	-26.729212
-12.689782	-6.1785526
21.256092	-34.520397
-25.784296	10.001437
-47.89488	-0.032901842
38.897396	21.807955
8.730507	-38.672318
-26.822605	-30.262508
18.077581	13.443645
18.728867	13.408257
9.33531	-37.929905
13.194218	11.687642
-6.2685137	43.006012
-21.169191	1.0438993
18.17691	-20.250872
32.430416	15.735868
-14.694283	-43.197735
16.536953	-35.72509
-12.191858	-39.293545
-18.698286	-48.971386
-2.0207288	5.9954348
-11.521538	20.065483
-16.990112	-13.84905
-24.692059	11.131141
4.3980293	9.156212
-6.886168	6.765105
-3.0857391	-6.9333186
4.187863	27.313738
12.695252	30.657288
7.1854873	48.28297
-6.702487	-45.13277
22.3597	-4.876823
28.444921	-1.5029646
-16.475544	-31.503256
-15.014729	-8.620297
41.156826	7.3814745
-17.994577	27.008171
-15.1180725	30.350834
-18.018736	23.348053
-26.547422	10.759784
6.196155	-29.154924
-20.983269	-44.67098
-30.297724	-45.035225
-19.62613	-43.135582
-27.901215	12.619443
35.56808	0.3608158
29.076443	20.040688
42.176243	7.4613757
14.747797	-34.692673
7.155256	46.734478
-18.479408	-6.986022
-25.041254	1.5612888
23.145155	22.149897
0.9265968	-21.768045
12.11106	27.352215
19.180279	-36.44404
7.6971774	-31.376352
-22.80712	-41.539455
18.079878	-33.43699
12.455983	-41.256783
13.716972	9.405375
13.079286	-35.809254
10.066247	6.1476736
-33.141182	-31.295887
23.056099	26.072306
16.835573	-21.356588
-7.8180413	-32.691063
8.074971	-40.080692
-44.372223	-0.22324689
23.065796	50.058083
-7.84239	12.682259
12.379827	-14.877752
-16.679688	7.642618
-30.247896	-44.08815
32.192287	14.670057
5.2861233	4.8104587
-13.717114	-39.96857
-44.539795	9.727799
-19.295874	-44.632565
-4.0475044	44.90341
11.656054	-13.246032
-16.389238	-10.150221
-10.618519	-7.2239847
-12.190454	11.9852
15.76668	-18.68591
-33.336365	-33.035877
-11.813296	-17.591345
13.282909	17.187712
-11.103709	10.176868
-15.3224745	11.836556
-8.39612	-33.524067
12.633589	-22.240705
-11.07182	14.997965
-3.4146523	46.235657
-5.8457165	-16.12617
16.164616	-26.427828
15.224898	-36.257282
30.383295	21.292494
-15.962738	28.899443
-1.7253199	47.310287
11.377789	-42.986057
33.971916	14.088601
9.953276	48.070953
-22.238455	-48.510254
-26.630459	12.025868
-12.176556	-10.180301
0.7547916	2.5722399
-33.644455	-41.380394
27.606335	30.011076
28.142942	5.768939
-23.77621	-0.9575702
14.617198	7.2890997
19.275673	-41.308678
-13.17492	32.942947
8.017518	26.103725
-12.959554	19.397478
27.865849	3.7290368
26.56007	-1.3892887
19.735914	11.803362
37.234516	-2.7591746
42.075603	8.465186
6.351898	-36.95524
6.8686357	-29.835886
17.483376	1.0707176
22.004005	51.22579
-42.43078	-1.1874384
21.314909	50.741096
-32.772533	-29.728832
13.162189	17.346163
15.781219	-40.47165
17.13714	-24.203758
-18.032955	-46.610043
-47.012154	3.304913
40.71998	17.068583
11.973056	-17.984478
-22.46481	-40.909935
30.447083	27.638855
-21.468678	-1.7049603
-34.3263	-42.49902
12.760223	-17.787416
21.54336	33.857758
23.11608	5.396445
-28.691332	-40.971832
0.24980472	45.377934
-24.396257	13.432552
17.433277	4.3516493
-44.811302	3.8201406
-14.439366	-37.935623
5.532089	-38.938267
18.711153	-24.158388
20.187675	6.9418545
-11.983065	20.525694
-7.00113	41.532463
-13.536964	-46.049828
-6.366458	47.161514
14.792207	-18.37676
29.027494	-1.5689015
-23.537567	-39.228477
-26.23317	-30.144854
3.2615066	49.726494
16.005297	-37.2442
-46.870384	4.8898478
-25.696247	-42.928104
22.222853	19.989151
-5.986498	5.8754525
-16.354404	-42.72655
3.0328205	4.177191
-15.912569	7.3780246
13.965841	10.716075
-19.313473	11.635317
-47.802986	3.773089
-7.7355285	-15.618567
-46.670017	9.537078
-18.174076	25.74035
19.555325	-34.935028
23.577805	-2.0101173
19.113066	-5.6407285
3.1714244	41.088005
19.063107	-1.6632165
6.6966324	-17.997805
-2.6499877	-5.1321898
21.07731	19.666624
14.769582	8.900438
-22.521265	-46.25486
2.0397568	28.685959
-31.330595	-41.885242
-31.079805	-38.532227
-49.165592	-0.5393644
18.75863	-25.077269
27.914688	-12.240009
-29.583143	-30.247545
-18.683506	-45.888306
45.59595	19.998404
23.822542	-6.112494
-31.958344	-35.816208
45.54803	17.20438
24.68661	28.506048
-36.037323	-28.70171
-13.055577	-43.46516
44.09013	21.250656
-34.246883	-29.615509
-13.31422	-39.350388
-37.863605	-32.129562
-13.403874	7.114733
18.147253	-23.076176
21.544855	1.3005925
7.4138737	-41.86498
28.031744	21.945566
0.08829799	-19.950275
20.498974	12.725495
-26.070728	15.512345
-33.25548	-27.224972
19.213495	-3.0115542
44.411568	7.4991956
-3.224852	47.71216
-18.711287	27.730074
-27.8573	14.485778
9.50119	-41.251488
-9.706326	-38.42107
1.7413604	1.3668535
29.747923	18.118534
28.793655	7.3970838
14.084471	-38.419395
26.73931	18.355621
-45.881275	9.459189
28.12454	19.748398
7.850099	-17.924738
2.3805845	-25.032997
-29.53713	-28.21828
16.862555	28.796526
-11.395403	13.626861
13.606638	-33.10236
13.364655	-37.055717
23.524908	5.958174
25.660498	9.30508
-25.540419	-1.3452535
35.95925	-0.80181974
7.182347	45.557083
-20.393053	-47.10531
23.88948	2.1390889
24.803204	1.8829185
-0.4269464	42.373787
-0.2720709	3.352622
-2.122685	45.31251
18.549988	-2.1777449
46.889	18.254133
-48.24733	0.7844063
-14.762887	-45.89218
23.972656	28.344948
-15.609234	-42.466923
15.745947	28.507414
8.269327	3.8357115
-9.133066	-34.652744
-17.708206	-30.294968
-11.875623	-5.826619
26.306252	17.62604
22.05229	13.7188425
-15.820034	-10.819852
-47.238094	-2.3225951
24.895672	-1.3715886
-4.345874	46.673058
38.18508	14.2489395
-1.4703072	-19.050585
-13.530139	32.41839
-14.5840225	-8.038396
20.730173	2.135374
22.587921	29.047583
-11.035919	12.286843
-17.042248	-34.453304
1.1354103	26.15356
-21.60173	-30.414076
43.25464	6.6796412
11.668503	12.435912
-19.100523	19.563765
-20.296614	-4.436139
-24.043673	10.563997
1.8454316	-24.0709
7.046032	9.9745245
-17.534565	22.880491
3.2258263	28.308428
-42.65636	7.813008
-19.410374	23.853336
27.03025	28.484434
-37.396393	-31.283966
40.300716	16.243874
14.376906	-17.503864
-43.978348	-1.0450344
-4.9418283	44.397774
12.158381	-44.77978
-17.798016	11.078685
-16.051647	-11.818146
16.511845	-17.53054
-10.1831255	12.606517
-52.932426	-2.1359668
-46.9287	0.7877998
6.3265953	-43.040016
3.2070708	5.2088323
9.6776495	11.92484
-8.367811	9.868592
-46.562984	6.304005
16.237644	-25.46574
2.369516	27.472275
21.944813	-7.9910707
-30.311766	-31.609682
0.012315779	28.220848
16.662443	3.4813464
-10.756493	8.692351
12.562913	31.166721
-3.191347	-5.0228195
23.650326	7.5775537
-5.005625	42.309948
-8.400281	5.6127415
-7.6739655	6.6932187
-2.9552026	44.531597
-17.11796	-38.863968
21.917524	50.04161
20.864775	51.759457
12.35627	-32.397068
23.408958	21.529085
38.465015	19.420496
25.853233	20.650978
47.764942	18.141191
11.877685	6.571196
31.255507	24.833492
-21.771515	-29.617321
11.922467	-21.617113
-7.415553	45.27222
-46.964493	2.0873804
-24.920528	-41.993187
34.41347	8.052927
-8.759661	-15.755844
11.8617735	-43.70212
-36.355686	-29.377935
9.124757	5.7655544
-9.359196	41.61956
44.034683	6.562865
-0.6125936	48.022804
-10.17348	20.295586
2.7258453	40.844788
19.624002	35.984665
-23.086798	12.96383
-21.06438	-46.86873
-17.886194	-36.17532
-2.0373955	28.58127
22.628986	25.439005
-9.158085	17.93957
0.21563515	49.25881
-15.971721	28.118864
22.436308	-6.767268
22.541475	32.79263
20.82366	-36.012585
11.018086	-21.985876
-27.400934	9.502799
-18.987509	-36.146088
-6.7933617	46.33015
27.335058	32.350124
19.801613	7.3054223
-33.719875	-31.06523
14.220411	-39.509678
-6.5709653	9.216508
-13.145814	-10.243236
16.154192	9.124676
31.04745	15.230508
9.149932	-31.011026
1.5231371	46.63137
-23.119541	-45.08162
-0.6721317	-18.78775
5.188242	47.837383
-3.3156662	-7.599651
-1.5042298	33.829517
-24.138603	0.47734424
-33.965378	-40.348534
15.568612	2.0180342
-8.491897	8.833937
21.076382	34.498333
-15.60471	-31.25435
-10.856053	-6.5578594
-1.661985	-18.205784
-52.42795	-1.8463255
38.676685	15.667223
24.66538	15.98566
-28.208376	-41.610023
-21.062174	-36.610657
-45.325615	2.0886068
-27.211746	-38.820206
15.890155	-20.35632
16.022488	-34.27872
44.622696	21.656572
-26.820385	-37.334133
13.4079485	28.455162
-17.261206	-37.799393
-30.33681	20.48755
22.45609	0.26757267
38.4819	22.068136
5.6655636	9.322633
-11.145506	-16.783524
-49.46458	3.750047
19.488592	-41.061996
14.67328	-15.785542
19.647596	19.915092
-0.41975567	43.537437
37.727898	19.502304
29.836481	25.387999
-35.53743	-32.203808
-28.749138	-42.482338
27.851938	24.842127
-16.76236	-40.688267
-4.993439	41.281265
-9.737386	-16.120209
18.747492	-36.105167
-9.269828	18.775578
30.94766	19.229383
-22.85552	-0.36388254
