-22.511189	-3.584769
-15.090166	10.981378
10.571029	-1.4257898
10.328329	11.576296
-17.049297	16.112478
34.21028	-11.243774
30.879745	-11.630477
-2.478128	4.2007666
-16.064247	15.638109
-21.480852	8.466915
-21.306248	4.1471486
-16.72488	2.4205568
5.0985003	-26.429752
5.1724887	-20.772034
33.47729	-8.372952
6.3966236	13.340904
-18.236174	12.888649
-13.854291	9.291018
-23.290514	2.9296446
-3.648492	9.788854
-24.197966	3.40379
3.917771	1.6088868
-19.665188	3.5134077
8.467193	13.892621
5.268518	-27.296257
-21.716324	-0.44070864
-1.0077943	7.2061086
-2.9915943	2.371317
14.052287	-4.495563
-2.8946679	6.8477373
-20.01769	6.8917537
-14.534212	17.35426
10.0510845	15.84179
9.886041	10.348124
30.546135	-9.4430065
-20.02155	8.012951
-27.04675	-2.6788838
-26.634062	-0.38777816
-24.963886	-1.4700198
-17.774256	4.4855123
1.1814348	-9.450343
-0.7120558	-6.1072793
-23.706303	0.24084274
11.3326435	-18.249605
-4.8697834	6.4962378
32.133526	-7.678909
-6.0079756	10.226766
3.80036	-16.59293
-20.900484	-4.582244
-2.2640648	3.7848186
35.327065	-9.846905
12.606036	-4.1957707
-5.693739	4.753076
0.40813574	-9.0199
8.222132	-20.079433
-21.601555	7.5119495
-20.907253	8.794204
0.21999232	-8.643877
-18.655167	14.25119
10.96193	16.21748
9.623708	-27.889742
5.398257	-2.044003
-3.5592906	7.1213913
7.5027957	-21.146776
1.0989349	-2.083494
5.3044286	-17.533644
9.111057	-22.952194
33.568386	-12.14143
31.25254	-9.04961
-23.874453	-1.5122352
33.94115	-8.61191
-16.225407	0.4692605
33.91322	-12.506367
-15.286976	-2.1742907
-14.899946	-1.8451558
-13.8151865	16.120216
13.058435	13.10416
-21.501295	9.714074
-13.2532425	10.222898
-7.5989513	9.931525
7.0835967	-20.119164
-24.633785	-3.6446648
-7.3913193	7.24393
-25.396814	-2.7024608
8.427035	18.352278
-22.749788	-5.8594813
34.728508	-11.7256155
-25.368088	-6.16598
8.009044	-24.045988
4.7979574	-25.141752
9.196809	-22.20698
31.440826	-9.928927
-5.588204	7.766677
-1.1929933	5.936264
-11.342912	8.688397
2.0863357	-3.723668
10.127036	12.802683
-23.756329	0.6828677
-26.067532	1.5167909
-6.535181	11.245696
-26.18213	-2.1551433
2.1063142	-10.631424
-1.0876652	-1.9264402
2.0474882	-8.276743
8.760883	-27.286873
1.5852845	-1.1674114
-0.2748033	-3.1444807
-18.167904	15.114553
0.73165035	-3.6373577
-19.648188	14.719988
8.571403	-28.452597
-16.785366	14.901446
1.2819963	-3.945031
29.240175	-11.930222
0.68480635	-8.36791
13.364916	-4.115513
12.910597	7.8249693
33.049423	-9.571923
1.6638694	2.1045406
35.734753	-10.423781
4.5213056	-27.386003
-3.429984	7.625178
-19.066507	3.0059478
8.652565	-23.446163
12.563247	0.36398387
8.078879	-24.833168
10.395413	13.896568
8.3886	-2.410605
-23.43756	-3.1780288
-20.993595	-3.8253713
34.963085	-10.726371
-0.72634065	0.25514802
3.6860902	-27.206736
-20.985254	-6.3668575
5.117862	-4.424546
33.832237	-10.239784
-21.185284	6.153502
10.390572	-21.287254
-0.5800448	-8.426425
32.25794	-8.380863
11.128082	13.545582
-26.967762	-3.5429811
-0.67824566	-1.1844593
1.137355	-2.9156194
3.964738	1.9338746
-26.233852	-3.0564797
11.26846	12.721473
1.1456203	-5.609698
-0.91708285	4.606438
13.931284	12.185086
8.009328	-25.825691
33.339375	-11.140724
-23.825315	-4.326208
-21.441795	4.600963
3.4243066	-26.71026
12.839113	7.944352
6.2253036	13.697475
-22.920654	2.2812746
29.719038	-7.9395576
3.534229	-5.8066106
9.521852	16.82064
-17.42905	2.8606787
29.733608	-10.260275
10.229262	-1.0170778
-9.594385	9.396103
-19.871029	10.281736
-2.0459445	10.319128
-10.3159485	8.296738
-2.6177642	-3.281044
1.9621543	-9.246688
-14.4583025	13.511949
10.850884	8.012946
15.281359	-4.3178864
10.160714	8.266373
9.0016	-24.53293
5.2696443	-4.443103
1.9286271	-7.607574
1.6770566	-2.7612336
6.017116	-25.472685
12.3304205	-2.7451072
-23.483662	6.112816
-3.5089133	1.5121602
6.880906	-26.910368
-4.661964	9.93617
-24.255922	3.8125114
33.410507	-6.6203203
-2.2899141	1.588915
7.2275467	14.206822
-11.863417	9.514228
5.4171395	-28.17069
10.858196	12.337569
34.249718	-10.651349
-13.091033	13.220901
11.2989025	-3.1984596
4.9303465	-18.122477
1.7898133	-9.303942
2.6370876	-3.8455956
-15.064649	8.9211035
31.547955	-8.598293
10.061984	14.881611
10.109296	-21.235193
11.327663	15.637889
-0.9952912	1.4285369
-11.430328	10.704235
7.054298	-27.95378
11.024443	-22.372557
5.4183593	15.846263
5.2349243	-2.162774
11.850796	-2.6743562
7.2673607	-23.46659
-5.234031	9.588475
35.612637	-12.609305
9.932747	-17.695778
-19.57793	3.9261105
34.656757	-9.803088
-17.255129	13.844952
-24.418697	1.9028736
12.089186	-2.1839917
-25.133497	-5.6254663
14.002496	-1.1560023
-23.594196	-7.4902363
-1.7234097	-0.8470938
-14.391771	12.217404
-13.148768	9.557648
14.009064	9.987615
-15.560259	11.272762
3.1894948	-1.9750625
-16.02825	-2.6591637
-14.055509	14.733164
-16.68975	14.154204
9.746621	-23.689697
0.16245191	1.3937135
4.829845	-25.98102
8.016951	-27.003492
12.678875	-5.275067
1.5755354	-3.3868494
-15.316579	0.9472648
10.820522	-24.480959
5.995789	-24.532137
-20.504246	7.4785757
-16.852976	9.38128
6.077107	-27.221617
-13.717534	6.5688586
-16.898989	17.11354
7.9520183	-19.549911
7.148089	-22.474936
-22.367264	7.185093
8.105391	-29.224321
5.599872	-18.670816
10.347924	-16.685085
31.87932	-12.393316
0.079842985	-3.8901262
-13.167179	12.128385
-0.6884469	-6.9940557
-1.8003778	5.8425875
-27.110619	-1.5906022
-19.65409	10.699103
34.122208	-13.610636
-21.814299	2.7639303
-14.6673	9.232773
-10.436677	9.2605505
11.8474	14.432469
-24.016582	-2.327788
33.638344	-14.158405
-1.7624933	-6.090198
7.0125103	-17.818987
-23.208195	8.9913435
-4.5595794	8.849732
4.678019	14.088898
0.46948513	-4.6448956
-2.303188	6.7288337
13.54059	-0.6931327
-1.9076914	6.5444164
-3.488686	-1.7227292
-21.115463	-1.9036617
-20.028414	-4.547827
-13.193719	8.064009
32.69534	-8.67573
2.2895262	-2.8631268
2.83317	-6.0074697
-11.949709	9.203122
-14.05237	8.3476095
-16.999008	-0.8888838
-6.8630943	9.52253
10.1772585	11.154151
8.985585	-26.38586
-9.320521	11.010736
-9.722599	11.505677
13.541182	13.515188
-22.758472	4.9406004
11.886542	13.7647295
-16.060041	10.353401
-14.509196	11.440739
12.613965	-4.342419
6.465773	-22.212784
-15.869728	16.033337
8.718541	-20.745602
6.9730015	7.3732157
-21.821527	-0.6330074
7.7864103	-18.268595
6.3875446	-16.609304
11.604629	-25.189594
-3.4742508	6.342624
-19.248024	11.550149
-22.63126	-2.9060307
14.171839	-5.3120627
-10.439949	10.14805
10.938027	14.426501
-20.780432	4.5667844
-26.705826	-1.8054345
9.048843	17.55749
-24.720234	-3.581425
-18.736141	10.166714
8.445231	8.684138
32.938522	-10.331947
6.1553645	-21.024746
-24.539068	0.112317055
4.8397913	-22.684307
-8.491966	10.256045
-18.41289	14.817556
-17.164568	-2.74157
-23.490658	4.72781
33.629227	-9.456296
-26.744772	0.9329702
-17.597553	3.896555
-22.359983	-7.1914
-0.68741953	-7.607296
12.37163	0.3908237
-24.632328	-4.5057583
-3.7175312	12.038769
10.291448	-16.550316
-4.359832	10.5257015
-2.2081916	1.4172186
13.823239	-4.5677867
11.341607	14.087782
3.31082	-7.5166254
-21.47536	5.6928725
-22.07293	-2.7856228
-3.8609982	-1.5533874
32.33356	-9.674459
-28.324286	-4.342652
13.114489	-3.3721254
-16.618498	2.1135323
-18.764338	3.8156738
-20.029833	7.1568213
30.980923	-11.018729
13.335953	-1.4398267
0.030616663	-0.6969186
-15.138595	-0.968767
-14.749785	10.362954
9.578415	-26.9664
-13.945749	13.228314
-15.459393	13.61737
32.68592	-11.2675
-15.852131	16.852785
28.616636	-12.172283
-16.168097	8.876116
11.187655	15.1583805
33.02453	-11.997958
34.740097	-12.480332
10.651679	13.72538
9.959328	-22.517685
10.725473	7.9836993
3.8690655	10.200223
2.101681	-4.2828903
-5.1955485	10.913552
-3.0786896	3.6894681
-3.086253	8.655041
-13.104892	15.781841
-19.64779	12.522362
-3.999074	12.504661
10.6182375	-21.819696
-14.23893	-1.8939432
10.388716	16.368946
12.442902	-3.3483346
8.237224	-26.931856
-17.140676	11.225661
-23.52183	-4.657848
0.9691586	-6.0896473
9.503868	-19.004604
-18.039885	2.4173594
12.86635	15.468279
-11.147356	10.385846
11.546489	11.564573
30.769892	-7.68611
14.397087	10.135306
3.8787084	4.596415
35.398514	-11.375272
8.029492	-23.443573
6.738299	-20.30204
-16.579893	12.844289
-14.507477	14.590644
30.119038	-8.669021
12.205957	12.145993
-25.96466	-0.85710347
-13.646245	10.885579
-9.898686	13.801496
-2.756195	-1.8544747
0.20585775	-9.994295
36.42926	-11.430979
7.073721	-19.367151
10.595218	15.24342
13.288602	9.178266
-17.685863	9.59768
7.955444	-28.397055
0.20194054	-2.7472968
-21.035255	-6.907965
-23.913933	-3.4623926
7.109462	11.673653
-4.8753896	8.778966
3.3921847	-7.818466
11.3425665	10.881159
8.097933	-22.14696
-27.286575	-2.4399316
8.606775	12.231396
-16.21561	-2.7523327
8.485923	15.241145
-25.775192	2.66428
3.6986015	-26.51589
-15.200406	12.163746
32.999863	-12.87296
7.7246866	11.914761
11.389809	-18.48092
-16.425495	-3.14884
-26.382553	-1.260189
-28.684607	-4.520316
-3.5258784	3.2894123
-4.2666078	6.4213686
5.8407416	-28.314547
7.7718897	-24.449247
12.766616	-2.3563845
4.4729853	-22.746958
-2.0156307	8.252976
0.31122723	-2.1165006
-22.56558	6.3312893
-12.791029	8.20685
-15.197412	15.538487
7.5678744	-20.859402
-19.13679	7.647511
-11.110279	11.782393
-5.376464	4.515071
-16.822338	0.7695187
-20.901997	-4.9998426
9.9788885	-1.8793974
3.7054763	-5.7237954
3.6314454	4.3472834
-15.253984	14.818229
12.435148	12.826907
-7.01846	4.568695
-3.7799754	11.308922
12.729099	11.69979
5.483524	-27.580433
-3.5211463	10.523575
8.922197	-21.61745
11.907905	15.027323
-21.736351	-5.223621
-1.1040654	-1.604735
30.722153	-7.856621
-4.9699063	11.92812
-23.713247	3.4346159
