39.325474	-8.090465
11.731812	-17.886032
9.090529	-19.116074
6.057374	-2.1507323
-11.963053	-51.776516
-16.988222	66.371605
-7.394672	64.7217
-14.848074	-18.795145
-22.82974	-48.048347
-0.6043057	-52.186905
-3.0025194	-56.499397
10.791765	6.6338406
5.879122	41.813866
-7.8128223	39.76235
-15.304105	63.01095
-5.957417	-37.982006
-5.9245753	-46.33259
13.196956	-17.939745
24.241817	-15.290956
-21.551912	-38.51916
24.387594	-12.886527
-34.37782	0.6346095
0.53301036	-56.398857
23.08403	14.55432
4.840307	41.224964
6.85794	2.6638699
3.7374687	-15.381762
-39.393436	14.820913
27.234104	-37.36138
-21.54626	-17.68566
20.342907	-21.451992
-22.968622	-43.32929
28.63817	24.123133
6.3243604	-0.95698243
-9.035981	75.50514
-22.93773	-51.230335
40.366158	-20.953136
27.848534	-14.476497
40.345684	-12.674588
-10.446687	-51.882042
-23.463598	10.2998905
12.009015	4.6634183
42.84087	-11.407504
8.910131	16.794228
-11.273048	-22.203619
-9.624186	70.38841
-23.207987	-37.64262
6.2620087	29.411419
39.071644	-4.3421073
-29.21149	-1.9962889
-14.624481	67.0291
25.540653	-40.113228
-9.698497	-21.125353
-24.455206	8.8646345
1.2198787	25.46181
-2.8127024	-52.696453
-5.212063	-50.246353
-25.371468	8.519226
-11.085045	-42.78199
27.240791	23.640446
19.875341	-12.890141
-38.88523	10.261015
-18.57926	-19.428375
-9.514704	28.94147
-28.811695	2.1367667
-12.366522	28.118692
-12.240974	32.157303
-13.174796	64.08676
-6.5143094	74.50182
44.083954	-12.38527
-16.139133	62.81906
4.2855024	-55.850033
-2.2492342	70.63943
18.848007	-4.737325
11.421296	0.8684158
-15.863375	-46.393745
23.577608	13.95633
14.901624	-16.367428
-17.189684	-54.56654
4.996951	-18.682037
-1.7145488	26.571121
40.296833	-10.686921
-14.554791	-17.726284
31.351824	-14.4570875
29.902391	-17.076103
31.114922	-9.435978
-16.703503	67.49385
5.701259	3.5721283
-9.027987	33.62708
6.0470757	43.083103
-6.718584	32.30623
-18.133623	63.205853
4.6395655	-16.359163
-22.84081	-16.428371
-22.45893	-54.687473
-29.57605	4.9588404
22.443748	15.349382
38.04278	-13.463186
25.159014	-10.7344055
-16.912426	-38.87549
39.397064	-20.716383
-32.13973	3.6916828
-28.406101	0.45089677
-25.96211	11.463498
-0.7380641	39.667797
-30.459782	0.45163423
-23.547728	4.4512596
-9.946582	-41.106625
-30.531546	4.13263
1.9966738	-49.0202
4.5016756	31.298567
-14.143327	-40.4726
-37.75946	10.617549
14.252736	-0.9306543
-23.406353	8.55801
26.190445	-36.504185
46.36023	17.870762
-7.50663	68.5248
-43.25158	15.763117
-12.19016	66.77708
5.5101624	40.251476
-2.643861	-17.561611
1.0614327	-55.433014
-1.727701	41.30957
5.831064	-6.013381
-9.682497	32.51084
27.484364	20.931261
21.052343	-24.96803
42.851192	-10.120417
40.582214	-5.9590874
-4.6844254	70.899925
-38.8408	13.476747
7.3005857	34.48989
31.115746	-8.1293125
-10.470876	-35.570637
-8.855186	66.47703
-3.4530582	-54.159153
15.351173	-0.725524
-42.154594	9.703872
-9.662532	69.693275
28.35383	19.864134
34.474438	-11.782075
-34.407795	10.3348
-29.06235	3.6034582
-35.541744	0.8654481
30.566788	-16.300007
29.950493	19.236574
-13.856119	4.2225776
-4.4027386	-16.885592
23.750624	12.388754
-12.53986	35.464077
-17.421425	64.19918
35.624588	-10.919433
-4.0886407	-57.443237
7.252899	39.91241
-22.646597	-35.940132
12.809945	-21.66841
23.67774	-11.720147
-11.286982	74.70674
-17.457668	1.3396132
22.906652	24.123959
10.872532	5.8572726
-5.091708	75.73791
-4.8487487	-37.861137
6.1234946	-18.783815
-2.2676787	-50.5814
5.430697	-13.16784
-23.070076	-54.497334
-25.815289	0.00084171095
-27.655088	11.371673
-13.123011	-48.071514
46.304306	18.932583
21.02951	-7.8033376
45.673077	19.4689
3.6729133	28.465664
-10.62464	-35.797855
-15.459146	3.7696679
-36.223236	10.212688
-9.198966	38.4147
22.94737	-39.12536
-8.854701	-23.827438
-42.933567	13.316267
0.024591735	40.81915
-24.231422	-39.230717
24.589878	-13.844696
-15.855909	61.20216
-42.260986	13.792748
6.8082	-12.304864
10.136141	-21.749805
3.4789279	40.78095
27.044306	15.873485
-15.931975	65.73706
10.644866	-19.368814
20.105127	-26.155375
2.94752	44.97187
-24.065405	10.750266
-36.814224	7.1644683
-1.3517015	-45.60603
-6.449931	73.59693
28.38624	25.196707
-7.583443	29.038414
31.532837	23.175087
-39.91011	13.676305
-25.283081	-49.500065
4.6347313	34.12713
1.6434982	24.626556
15.038558	-15.35358
-28.185501	4.574145
21.455786	-38.593132
-3.7688751	40.274643
-16.870932	-37.60458
-1.9367243	68.38598
-8.663744	27.125149
-0.5036822	-57.352722
-11.418539	67.06067
-9.217625	-42.407925
19.662394	-13.9221945
22.818851	-38.249638
35.92943	-12.399206
-14.21055	21.21533
-26.929672	-1.9125161
-28.675669	-0.7438756
-4.5205173	-45.101368
-16.913662	-51.69475
30.50633	13.222029
-14.26685	-49.721203
-41.500393	19.503468
19.638365	-5.151509
-14.754225	-43.54406
-10.670436	-40.518013
-9.572796	34.67068
6.5237684	0.8266032
6.5719056	41.893284
-0.6667681	37.79433
27.091232	-40.0001
-35.721252	7.0961103
4.1856027	-53.503593
3.118603	24.844904
-10.387582	32.160423
-22.677483	-49.29768
-18.51159	-53.346935
5.524098	34.118584
-23.304781	-52.218773
-18.577787	-43.181396
1.0805749	26.91144
-4.966842	40.439617
-9.20614	-24.817886
2.117113	28.905815
-11.290906	28.542252
10.523791	32.08846
-4.0039754	74.945114
-37.490932	8.019698
-4.086209	-44.24813
-14.799194	5.600661
-20.750092	-15.824461
40.44278	-19.932169
-3.7531605	-49.733593
-17.99984	70.12142
-1.1837997	-59.09232
-15.502443	-51.156548
7.6365814	-14.8949795
27.88583	19.162214
31.953451	-14.509644
-19.120863	69.46534
-16.387793	4.3689814
-13.822264	28.621227
-4.444166	-58.598442
-21.122423	-19.20745
13.939735	-18.633886
-25.778507	3.9584029
-19.08577	-17.292927
-13.885408	21.582165
-21.537601	-16.684599
-41.59972	18.418394
11.219017	2.170489
24.640093	-6.602803
7.5592957	-13.435256
-8.766083	69.55775
-31.453745	6.5310454
-14.790738	3.12314
10.695393	-22.357412
12.690857	-18.83584
23.538559	-9.256812
4.975374	-15.689392
20.941341	16.159899
-10.5713415	34.536034
7.594129	-21.262142
7.7761455	-19.567669
30.912252	16.737629
21.015173	-21.079037
30.241358	20.635153
-14.853904	-50.4131
-23.568844	-49.10783
25.896805	-39.392685
-9.359126	30.365644
-17.4685	-42.54347
-8.888018	28.523777
-26.028053	-43.850178
35.804436	-13.800041
15.667362	-2.1459026
0.79250103	27.917604
39.792	-4.082443
-20.088465	-17.35368
-3.4792306	-48.92025
43.509766	-9.50952
25.491133	-5.28863
6.551854	-19.503597
30.764149	21.649279
-11.87024	-54.20858
40.764587	-18.0468
22.59676	24.73967
39.64888	-10.493283
0.23712699	-47.396217
22.399675	-25.080944
-4.639281	71.88048
-3.1768744	27.2958
7.9137235	2.8456032
8.81513	17.424759
-22.66114	-55.79487
-11.760456	-43.432327
22.466318	-8.182172
23.180775	-14.346355
-15.883312	63.823624
11.893207	2.9375927
0.3865197	-53.00724
30.46633	-9.082802
7.371288	0.23924458
5.8150916	-4.9757175
34.298992	-10.85224
-21.312527	-40.96221
9.606413	32.641483
-25.012709	-39.439087
-40.521152	14.155843
26.949097	-36.413513
26.493069	21.12507
-22.446527	5.32279
-3.968879	-56.356663
44.217377	-8.986543
-41.822727	17.388374
-5.9274836	71.596245
31.66143	-21.99313
24.870445	-38.377705
18.33822	-11.668033
1.5459516	-56.372055
16.483791	-21.283588
-2.7742383	72.204346
21.516052	-40.523903
-35.239307	10.652003
6.489607	2.0353055
12.0506115	-16.246649
1.6843584	30.183025
-27.924177	-53.413456
-7.634039	-41.245804
-8.463698	65.8734
-16.929485	-46.437027
-6.768127	63.74032
11.199038	-24.33465
25.914948	22.744652
-1.2858384	71.93513
-1.9665616	70.00729
28.680395	20.97229
-4.5304117	30.946136
45.168686	18.920496
46.44872	20.206919
-30.91385	7.1103206
-17.636576	-38.72174
-11.7071295	-21.029913
-18.428696	-15.97871
-24.661646	-48.08472
-0.45990747	-18.153187
-22.181498	-42.75259
8.550613	19.321753
-42.790295	10.740255
30.121944	24.262278
24.361818	-39.29189
-0.4758276	38.717556
20.335213	-22.698093
36.9467	-10.365264
-12.779489	4.0413327
-0.19479564	27.333616
2.5212781	-49.7329
23.814993	21.012451
-21.03568	-55.342403
26.627586	16.387058
-8.087409	74.06957
31.08472	13.346324
-34.456963	-0.8831751
-14.934474	68.36433
-11.132685	33.916965
-4.328738	28.294155
-27.065044	-53.288433
-14.6565485	-40.893597
-9.468982	74.6346
25.822958	14.918503
30.063581	-15.566809
-17.749865	-55.138664
-16.87453	-40.80138
-22.989985	1.7967793
-43.294422	9.835203
-16.859344	69.17956
1.4352626	45.19823
30.614202	23.32442
7.615245	-10.734835
-0.13007712	-46.910557
5.0809646	30.925146
-24.409525	3.427485
37.272957	-3.7335248
39.33785	-8.737126
-7.2727885	-38.97648
-19.590492	-19.750267
-28.277899	12.411532
6.1540976	-8.166606
-8.427388	35.15399
41.23009	-18.683645
32.742546	20.740982
18.732687	-4.1012487
4.5426145	2.4407043
23.209518	-10.756158
7.2600107	38.834846
-15.224282	-48.248344
-0.8221288	70.903694
6.443863	-11.217432
9.202696	19.982594
40.512394	-5.0852184
41.10839	-17.411905
31.698523	-22.45633
-14.023729	-19.935163
-0.95270246	-17.994646
3.164966	40.06121
-0.9485914	42.821365
23.694118	-37.0577
-6.7164726	36.215992
2.8965955	-15.9149885
-29.981869	2.1911108
-8.269194	-24.355406
11.842831	-25.124058
-18.191717	-45.638657
-3.8962162	28.897144
-12.800829	-51.540646
-3.2690341	-44.191555
-9.808127	-20.541807
3.2610013	-55.124237
38.248924	-6.965328
19.266127	-38.367977
-17.699066	1.0164444
-40.885204	15.774652
-14.353118	-42.890537
30.382332	17.635597
-10.928368	-22.722479
-22.467846	-41.38078
12.416143	29.86784
2.2298589	40.58264
-21.244774	-39.943546
-5.3175516	31.284956
24.448946	22.441906
36.755974	-8.947665
-27.59172	0.23596719
-9.139486	73.57344
-19.661228	-39.78566
23.169365	-12.4406805
