-2.3943052	38.48215
11.420699	-14.053265
-25.445698	39.460384
-9.106376	17.342148
-36.951614	-1.1536485
-18.284075	-46.609806
-14.081891	-6.193005
-23.247221	-46.996925
-26.581488	-11.426975
22.951908	-14.178944
4.294218	47.099846
12.629109	37.535316
3.69	18.344196
12.747531	-1.1027921
-16.734915	-48.574642
-13.415767	44.77996
1.437753	-21.674988
28.374283	34.445362
-9.688097	-4.7746844
31.275394	32.256786
-26.200659	12.505773
-28.976273	-23.342669
-6.059657	9.263513
-38.07311	1.4688412
13.913422	-24.81684
39.500576	-6.479489
2.196111	30.930862
2.0617957	6.6072745
-40.87061	-21.59994
34.256733	38.548702
15.453159	-21.112322
-8.999239	21.067783
14.41446	-48.1785
-3.2506664	10.261245
-25.50384	-48.11218
8.361443	48.31395
37.115353	3.9947815
-9.805806	43.246113
-8.956308	26.138626
-29.498323	-30.271141
0.5303933	2.0621512
-12.757156	-37.528225
-6.4688325	34.222023
30.67474	40.565918
-19.407068	-11.52075
-9.96143	-10.095787
-0.117460854	3.2260787
-14.6094	-35.444096
-16.138105	26.90959
36.149525	2.2638783
14.967198	24.637802
31.976236	32.644794
-7.7450004	-1.2646757
-28.0335	-35.963894
-0.51221716	-28.030897
-7.447502	-0.13058619
-1.4108799	-27.208096
-24.470291	-29.682196
28.025717	38.892372
12.851167	-41.084896
-30.401285	6.794115
43.220615	-25.221777
-26.894655	11.407495
-28.866743	-19.39818
36.807945	5.753341
11.595102	2.4101415
-28.439453	-8.040075
14.554726	-23.832277
25.627197	38.036686
36.64237	-3.298497
45.103752	-22.02179
-35.905823	-21.681139
10.714746	-3.4677026
-4.008384	-50.2508
-19.188879	47.141384
-32.274635	18.173916
-37.27705	0.92916405
-21.208868	13.703896
-30.415878	-30.866913
-30.419693	-2.4266393
-37.78189	-21.945505
-6.6797476	39.208675
12.3451805	-54.982628
-39.811935	-17.241825
-7.597749	-47.45583
-2.1026492	-41.912003
15.827095	24.321608
-10.15478	-22.1085
-22.668947	14.774771
27.849924	-16.8165
26.008114	39.03446
45.461235	-20.89788
31.879232	15.699132
-42.97093	-19.893524
-12.383067	-28.484787
-19.682354	-20.186914
-15.953265	-5.3204603
-21.647284	4.05215
-9.130595	-48.73278
-4.0939574	-4.7572784
-21.550999	-12.589838
-12.169927	-47.87814
7.0884056	40.920822
1.481983	30.256857
-23.580906	18.414759
-20.095135	3.6398854
13.806333	4.1055784
38.48156	5.831387
-34.297924	-1.7220478
-18.792204	-33.930668
0.57094175	-21.726236
-34.169136	0.3040684
6.8159256	-1.3906968
2.8224554	46.63015
-15.080571	-46.786884
35.149616	28.430801
8.026406	44.98169
-16.814468	-2.012766
-6.9839396	35.87261
30.572853	34.62165
30.239635	42.330803
20.449518	23.921776
1.2653222	57.54923
19.98	-6.770523
-20.377789	27.31025
16.90442	8.537414
12.338494	-44.15629
-7.9219775	34.405727
1.9668313	26.193373
-10.201139	-25.531189
-8.632502	-9.402261
25.971354	-13.922696
-19.676226	-27.972773
11.893833	39.56698
8.476763	-40.8179
-12.1225	-6.6847343
-7.6172976	-8.947224
-18.288807	33.8765
4.187932	-46.60591
-12.098274	-11.769123
40.3952	17.349943
-26.142803	-19.157166
-26.141834	16.244144
37.093956	0.73368347
-9.562059	46.01919
-13.542664	-47.259464
6.956306	-40.0747
-23.730583	22.805527
28.63055	-11.07824
-19.80395	-19.285402
-21.214354	23.269733
44.05573	-20.944614
-15.845496	25.355377
19.118202	-10.204668
-16.341135	-33.39982
10.271775	23.827686
-0.91998816	-17.829493
10.737936	2.9069376
-16.920347	-47.248974
-21.175581	2.7865481
-23.223673	-5.7312894
37.046867	20.387342
15.720429	-17.90277
-27.141546	-35.855534
-2.7137845	5.180278
-1.6942236	-49.51884
4.8587556	34.7602
28.986576	-17.306847
3.6878467	4.343321
-10.596872	-22.82164
-10.584901	25.056555
-30.921467	5.3450847
10.727993	7.2471933
-14.407391	-32.56477
-0.91762596	-19.654844
-17.670597	-10.882008
32.176033	-1.3891184
-8.883199	20.077284
-1.5070715	-15.772873
-1.1707629	39.593376
-5.55531	26.00809
-39.41044	-23.848377
-24.878336	11.661508
-17.636513	30.189995
-30.352135	15.418176
44.139893	-22.989664
-19.09356	35.083607
0.57669437	-2.8994412
1.4776071	-1.3460189
1.1755619	56.669197
-11.240129	25.877075
-31.70034	-30.275936
-43.538036	-21.256779
1.3641034	26.999748
-25.990377	-49.00359
36.87634	21.637003
5.2728634	1.5611812
-3.617315	-39.993427
34.786743	29.819653
-6.934583	45.532852
16.49857	-18.717426
35.94861	26.944527
35.928154	29.596825
-31.861189	-2.322615
-42.117	-20.893375
13.77154	-47.29309
-20.258106	47.97324
38.99964	-2.192726
33.037254	13.541933
8.471203	41.148144
32.014973	13.634997
18.119354	-11.991551
26.877642	-12.158256
21.61995	-23.983322
0.24749745	38.827198
26.271818	-12.815477
-29.097393	-7.006059
9.860812	39.08649
10.691933	-53.625893
26.935083	33.249264
-22.777061	-45.466747
-22.131653	48.818024
-32.444664	0.83433133
-21.406445	-33.227623
16.641554	-23.762644
22.917316	-23.646236
35.38348	3.4707088
20.549173	-13.457293
29.974554	16.35159
17.078783	5.6127543
-3.9772859	-39.16275
-7.2573824	11.557234
0.45533723	21.351805
-25.084404	-16.591597
-28.295618	-15.018822
43.780773	-24.270752
39.323288	-3.9563482
1.3727589	46.194786
26.496758	4.612646
-0.095423855	-51.649803
-27.109808	-9.807
13.238599	-54.723022
7.9344807	-43.00212
-18.97711	29.267395
-28.22182	-34.58855
-18.514961	4.492636
-10.552158	-12.688409
34.73267	-4.872502
13.840727	5.0284557
-18.616951	-30.626995
-7.611623	37.010067
33.625263	29.142916
39.901844	2.4369438
-27.710497	12.2649355
24.173063	-19.004747
34.92661	5.7175503
12.236173	-43.181152
-7.6476007	-48.641563
21.069187	22.463316
18.072033	-23.103813
41.908463	-7.5700727
14.520936	12.391992
0.083892874	53.871464
-19.498207	-23.739956
12.319118	16.402733
12.984203	15.452415
-25.039911	25.766079
29.324953	36.212574
-13.615619	-16.354387
-8.442215	12.289142
-26.24984	-14.78548
7.3442655	-5.92533
4.145584	-38.8209
33.13859	6.2801185
-2.897002	-48.50919
-12.484141	-27.750107
37.90526	23.425486
-8.837039	-7.5636964
1.2407362	18.77316
-1.2426124	-20.659033
-7.289416	0.9930799
32.908115	16.380503
10.241586	-38.793568
1.8335773	28.69558
-17.403122	-2.8690143
8.260145	-2.4889388
-9.0157585	-46.017002
-31.639587	2.8332443
-0.54654133	-41.303566
30.269909	-17.830173
2.232713	32.02408
38.018726	-9.960049
7.5692787	-45.861755
-17.87715	46.4665
-17.584448	-18.521389
-22.133085	24.326374
30.65729	-2.7700799
6.204344	-39.02656
-1.0439353	-24.147717
-8.173505	7.1722984
23.6887	-18.141895
-31.17548	17.312809
-2.889878	-47.412003
40.39705	16.201233
-5.9111166	45.801777
-19.355482	-33.045216
-2.169852	10.76279
11.706247	-39.2753
-39.48898	-16.305346
32.974075	0.4012594
-39.59969	-25.403553
-10.725242	44.59922
40.801487	1.075896
-31.08999	15.018882
-3.768979	-9.448993
22.32652	-24.843224
2.3553228	8.839608
32.371986	37.62754
-8.073448	33.17047
13.66121	-12.755852
-28.841486	14.131428
-16.767092	24.528463
-18.397165	-28.257257
-14.0469055	-48.31279
-30.790222	13.172068
-31.654177	-25.180138
-9.861063	17.240177
35.431744	-1.881938
1.7762787	-39.39267
-12.780093	24.76169
-22.936434	-32.34357
8.675511	-5.574338
27.264328	1.5589933
5.142117	-46.328373
-3.5546787	-52.366848
9.788397	41.96202
-23.010315	19.13986
13.079851	-22.983358
-2.1908114	-52.51849
-4.110825	-7.423428
-11.982845	43.54393
-17.777699	31.744064
-30.288357	2.3062854
16.96641	-21.755985
16.069336	-14.110129
-4.3897667	-6.5576563
40.056576	18.830301
7.051845	44.654823
39.892975	-7.6941447
-40.096947	-20.97727
-3.4082162	-28.41019
11.571765	7.2674627
31.149252	-7.006241
-22.284315	22.548595
30.358833	38.563606
8.274962	-4.642415
2.0148175	38.57462
27.011076	-18.54853
1.7614855	9.800974
6.3206224	-0.065265454
-11.736946	45.797638
34.82461	18.630096
9.821766	37.275047
-28.553555	-22.103636
-11.747728	-24.227629
-13.726481	-14.90804
-6.2320943	10.502289
10.783974	-13.456351
-33.035686	-25.04386
-16.355059	-17.872812
10.513508	-49.09936
-24.999311	-46.77095
39.4087	-9.367985
39.051258	19.284262
-9.992176	-20.342844
3.9949768	40.72334
-6.429426	26.22512
11.397141	-53.039776
-24.887192	15.575553
28.859358	-6.483173
-13.33353	-36.7637
-30.196316	-5.084528
7.7131634	32.646675
7.5582666	-44.1562
32.28849	35.274338
-24.478466	42.26604
31.879786	5.4355583
14.908641	8.502909
2.6138546	4.858004
-30.731949	-28.186172
11.325565	24.156239
-8.975972	5.5839047
-11.878114	-7.9435787
35.588985	23.002525
1.0469584	-39.67599
-22.322523	-13.342481
-33.335133	1.801697
26.3087	3.6776
-16.751705	28.67127
-20.416006	49.02251
13.677347	14.15709
12.019748	-0.43884498
11.219949	-23.168722
6.4930644	48.12428
-19.440376	-29.308851
20.072672	22.982588
4.166307	58.281876
13.648088	24.900751
44.322414	-19.068861
-33.063915	-1.1867428
-13.643482	-31.404766
19.60559	-8.161518
-20.00548	1.372778
35.89273	4.8425527
2.335402	18.921131
14.257426	38.28088
12.440087	-48.649704
19.574335	-5.804041
-17.838524	-35.15249
-8.169505	43.582764
1.0659391	-0.63690096
6.8838634	33.242386
-30.102404	-23.975971
-8.445263	41.9171
33.13506	2.0426245
-5.3386087	38.777054
31.799433	41.2983
14.422205	-54.48377
-10.962972	-10.569745
2.0737202	44.810383
-17.617138	-4.449408
0.18776944	55.009163
36.80618	23.51002
-23.924072	-19.641169
-9.971659	-6.33758
-0.069471575	52.435833
18.541363	-3.4869068
40.761234	-6.270901
-23.955904	-31.172276
-22.187609	-4.76839
-10.087974	4.6625137
-5.3354115	-49.527557
13.355991	36.954597
-13.852457	-49.84129
11.26542	-22.162064
0.22962448	10.032895
24.385246	36.843018
-1.831711	12.551318
-2.9205365	4.235088
2.8702147	35.890686
-3.6152773	-18.309093
9.19671	-51.101227
2.060781	36.63412
30.888918	-6.0536785
22.250498	-15.364198
-25.304556	40.500156
-2.691359	-26.963476
-23.637705	24.633352
31.840096	43.169266
16.232342	7.9456787
