-5.7471595	-22.3061
17.480488	-23.098051
31.712065	56.891716
-54.596912	18.928513
12.003802	24.792393
20.200539	-27.877672
2.6133904	26.838465
-19.486353	6.5655375
-10.5129795	-31.915567
17.406784	-34.18848
-28.222988	-37.41202
-25.12609	-32.313538
-31.252794	8.870319
-13.929763	30.920279
1.8733239	-46.55851
25.728807	-16.095068
-6.3499436	-47.554276
24.99218	-14.689009
-20.907696	-41.05918
-16.868912	14.856453
-15.11544	-46.496155
-15.030319	-11.114024
-22.019026	-33.846043
17.156626	-16.962374
-37.0262	18.155443
-50.603706	18.836193
0.8656814	-14.945947
47.286972	3.0386345
28.672007	46.48592
-20.459965	11.391345
16.917078	-32.62164
-2.9937587	29.91048
-13.095971	5.666385
-53.365643	19.600586
1.8919182	25.691862
19.569843	-35.420567
-30.231445	27.139381
-37.765324	4.7088566
-20.405712	-4.8731933
-20.091932	-30.54304
14.852708	8.680069
-56.109035	18.08828
-25.097424	-2.1729596
24.062775	-12.847996
-25.769363	-0.99030423
-16.99552	7.7075887
-5.43384	29.750462
47.20286	-1.8987336
-6.5723968	-23.257124
-19.419466	9.346355
-2.7301788	-46.92994
32.08221	50.171898
-28.289305	4.019534
16.75727	12.955432
14.863772	29.192492
-5.366147	-44.033237
-3.626071	-44.810944
15.117719	10.150283
-27.548862	-33.07283
-36.388893	7.033199
-18.018776	-41.44699
53.250317	2.2431152
-24.989754	7.3044615
-13.259325	28.99149
-13.979001	-7.0055737
42.61634	-3.309672
-9.388409	26.012993
14.298722	15.335871
-0.70032203	13.463109
-21.021141	-1.2432255
-16.185364	-46.11355
12.119197	16.872797
27.087408	-26.702936
19.620388	23.251049
7.657665	18.284296
19.429289	17.802105
-7.902147	-26.06657
3.4708405	-39.94232
27.585695	-19.181067
-2.4544823	10.372966
-2.9156513	35.746677
-0.31817216	-15.021602
-33.386204	27.665907
-16.649618	8.733793
-34.508286	23.483116
-8.949591	18.397472
19.18666	-30.128233
-49.79057	17.205162
-32.200886	28.937702
-26.006641	8.191545
22.153578	26.62271
28.157654	-25.404022
-1.5354052	-11.14055
-19.115196	12.16995
29.278593	-8.575833
-15.478052	-12.607675
18.798298	4.163441
-32.735725	-0.5666579
-46.32725	21.029472
-11.939346	26.492645
-31.2156	25.0341
13.988061	7.825171
-12.650951	-5.2263374
-13.777769	-15.484046
-28.613766	-35.87086
-14.533234	-6.055936
-28.533306	-16.331345
-28.46561	-30.710114
-13.093453	-19.5898
-20.748161	-39.269176
-9.84414	-47.731037
15.653428	45.808327
44.988644	-1.1724793
0.66231346	33.890083
15.624293	11.006467
28.897463	47.855392
17.398083	25.747828
19.383505	-25.812735
45.41355	-0.22606416
-3.6307664	-47.064777
-33.65575	7.9709954
-22.16054	-0.85589105
-23.410622	-33.9333
34.678387	55.94163
28.049557	56.49562
3.2831397	-13.091355
2.8129318	-39.951107
5.8972173	-14.015521
-4.516738	-19.852104
16.749191	29.556501
12.261672	-32.443153
48.296646	1.73285
-31.493208	3.9392235
0.47021228	34.505177
-19.301155	-20.753202
-17.07533	-31.470888
-4.9124813	-43.178596
-0.8972444	34.590466
41.90337	9.6466
-2.7360914	34.916252
-6.0630293	-48.583275
-5.6087246	-6.2733316
-10.72721	4.10542
-14.46708	-8.427184
-29.961224	-16.574673
-31.186317	26.32949
-14.507079	-31.555363
-30.157957	-11.965404
-21.918095	0.65811586
-10.157371	-26.951862
40.693897	-9.694477
22.145971	19.29438
-5.3631825	11.789102
-27.899302	-38.457443
-30.432915	6.9687114
13.3068	27.290401
25.281343	-11.486481
-30.115625	-38.34923
-5.9627514	23.012442
-3.816714	-26.00556
-10.985439	25.715117
-55.243137	16.306463
-0.47201896	12.472017
33.901325	56.07928
16.322449	-9.609978
-0.9905089	-45.90847
42.41966	3.1660576
-24.843641	30.81091
-8.845129	20.168411
12.549568	5.746728
21.249392	12.671085
52.719254	4.235535
27.588926	43.701508
53.218052	3.3714488
16.971601	-15.439688
-20.044775	-20.168306
-16.676968	-13.631191
41.37362	-5.0097046
-30.086424	9.476292
29.59197	51.778015
-27.141567	-1.4290764
47.427364	5.870208
-1.4010512	-43.64733
-7.8262863	12.322006
-16.955898	-47.263004
-31.847261	6.1160936
47.20783	4.6836333
31.841686	-5.8753457
26.975697	-10.621612
-37.109303	20.797878
-10.378844	-30.360085
18.29627	-29.190063
15.26418	-3.76183
26.985676	54.578053
-6.111468	-6.614059
13.670265	6.907526
41.10642	-7.8854613
24.01234	-17.487696
-1.1993881	15.027512
-9.8552065	17.528284
16.769205	-6.472505
-20.854061	-4.3176556
48.619022	2.67514
14.693628	0.40977737
0.8349214	-45.869247
19.063437	27.822496
20.219875	-10.470347
17.813608	46.885624
28.976112	52.692646
-21.438938	31.638954
-13.926164	28.10499
18.566984	-25.041359
-16.785616	17.848677
-21.931616	-32.966503
9.678465	-34.748466
-56.46066	19.299334
-18.303558	-46.012
27.869719	52.8223
32.31729	-4.4834867
27.22763	56.730328
-9.519751	21.387806
-15.3227415	-4.943706
25.54541	-25.065145
28.432716	-18.645731
19.104513	16.483393
23.921034	-26.852474
4.653183	-13.421884
17.486227	22.270369
-3.683234	25.83629
16.290937	46.1068
8.905772	17.399126
-48.87243	20.373388
-29.915474	5.791711
-39.970512	21.502388
33.36574	48.763866
41.854862	-8.215566
13.803511	24.849854
-8.634285	-27.483095
-23.476383	5.0271087
18.111605	-34.771843
25.364504	-3.5342076
-36.920544	16.900593
40.64589	-5.5091753
-29.874298	-22.37762
40.96047	4.8090844
-17.314714	31.548504
-15.494109	-51.481438
-27.849756	-35.686237
-8.107819	-6.5429726
-36.23473	6.0149055
30.23666	-15.591195
45.69896	-4.4037232
26.002974	-19.204208
-15.894722	-30.568573
-16.4942	13.912474
-19.899841	5.927591
-1.0872153	-44.522736
24.760279	-26.883806
-28.789768	-39.482807
27.038372	-18.342876
30.229185	-8.539064
-15.388189	-18.669855
-22.232996	15.546853
28.30759	-24.397657
-12.521849	-19.93769
15.207771	1.147046
-8.85182	-43.154564
-10.531261	16.460875
26.64647	-23.746767
-30.125711	-13.594327
-21.234684	10.659758
30.937763	55.415516
-20.668987	12.880804
47.33445	-0.51222575
-50.38301	19.856089
29.008938	44.00484
21.180971	-12.337142
-7.5457115	-5.770628
-10.552358	-12.227667
-14.720468	-14.826424
27.733212	-12.054446
26.337357	-14.220037
10.859457	17.331226
-4.6730084	10.147379
44.31802	-3.0721166
-33.111954	0.49138957
-23.772858	31.857668
36.78056	52.27764
15.100612	17.733414
-15.379291	-48.732883
-15.049238	-13.540244
24.973644	-20.652664
17.772818	-20.021387
32.151833	49.221012
-25.8304	27.82169
14.009662	14.376935
16.599264	26.260103
-12.418217	-29.45457
-19.738699	18.050861
26.434004	33.157722
19.537668	3.6156325
-11.131141	-28.506952
-27.661663	7.580077
2.969044	-47.67204
-5.57802	-20.171263
30.331833	44.994095
22.492067	-10.503389
-21.404644	-42.68311
-30.065207	-37.59768
0.35506946	-11.67801
-11.979416	25.329674
-0.7676631	-15.679289
3.3870976	-43.193085
-16.393192	-40.847446
32.240173	-18.30096
-25.397854	27.101765
-51.418858	20.6911
21.124666	-10.557253
40.42308	4.2404943
-27.739014	-30.944117
18.560034	20.064335
-14.820567	-47.902668
-13.510496	-28.90121
-47.700817	20.638605
-19.952944	-31.524597
-2.9097028	28.611506
-54.84951	18.057781
26.76948	48.810776
-11.879484	5.6805067
-17.628513	17.315739
-22.472944	-39.960293
-22.721676	9.851868
46.15982	3.7016485
29.335196	45.963078
-29.629225	-12.722208
9.044971	4.011628
-8.429852	-44.14576
-4.7726035	-21.580866
47.284206	0.91887504
31.5321	-17.15645
-17.664263	30.51816
30.65871	49.449505
-15.04752	-29.592968
-18.676306	-31.685726
-20.779308	-21.26346
3.5760968	26.251095
31.046583	56.643906
-9.4711685	3.5025516
-51.593185	18.419964
17.010838	-21.761831
-15.28574	-52.21868
-51.87876	16.748037
10.410074	4.749551
21.343538	21.087757
12.690504	17.573183
18.521486	21.799074
25.393164	-4.048006
-27.987139	-13.204567
25.726345	30.990942
22.53063	-27.435122
-6.6706614	-49.693417
20.720844	13.189668
53.441166	4.915134
-29.868654	13.394031
-15.739294	-16.730364
-12.813337	30.033613
-24.350908	-0.9826678
-23.054033	17.989029
26.07991	32.00447
-17.181343	-45.580772
-28.286356	13.980217
25.735554	26.369442
42.272003	8.626115
-17.003716	5.8242397
30.021906	50.611954
-40.381805	20.638771
12.541314	-33.17675
17.273539	-9.207332
-20.145006	-21.966722
-0.2711247	27.533218
-22.758331	-35.64781
26.073925	50.71443
27.649899	-9.418249
-16.144127	-40.305725
-2.670704	13.315329
18.61392	17.50302
-11.6309185	-4.5978246
13.307486	-34.393776
-15.439602	29.433413
-6.2616973	29.434837
-52.853203	15.850913
13.511284	10.066228
-2.826152	27.099478
-10.018784	-29.44476
-35.32085	22.853127
17.583712	-19.012106
0.86797583	11.848868
-12.337626	-6.239619
41.45688	8.759126
12.470959	-34.54025
-4.619603	30.738667
-19.291367	-4.754576
0.79368347	27.490845
3.8943057	-42.731094
-9.188067	-47.209545
-28.45246	-15.1752405
15.624841	-5.5045466
-3.999489	-18.193132
-27.2662	-17.234808
-5.456039	8.777275
-10.873415	-12.839817
18.257288	-32.565067
-10.580027	31.278143
1.1599472	-12.560023
20.426292	-12.991955
18.64549	23.671124
-48.96586	16.83664
18.82687	-34.025433
-31.668983	7.32002
32.796215	-18.963545
22.986824	27.314335
1.8741093	-16.258652
15.411537	-4.749056
18.03032	28.963617
0.630826	-10.788399
36.255188	51.82138
-29.567318	12.669623
-33.038723	6.3371434
-37.919125	21.231716
-33.498173	26.83118
28.429037	50.53808
-23.238747	32.401047
44.418186	3.747083
-16.962564	-5.644724
-16.835627	-48.630016
28.733315	-11.826093
21.146935	22.180986
-6.198441	31.023579
19.960447	-30.283493
23.732338	-11.024783
-27.02925	3.6646178
11.904431	24.173471
20.45839	28.822403
29.075287	53.87349
-3.320947	-26.154951
46.376762	1.813852
-16.688978	33.065285
22.765509	17.889576
-30.992691	2.4516413
-20.85761	16.341656
-4.4187565	-47.835037
-36.749905	21.944918
-19.079176	15.366193
23.858751	27.499865
-30.001242	-20.777746
-4.023926	12.90026
-13.607966	-4.1879215
-8.603903	21.6789
-22.789062	14.166975
-13.064444	-46.096325
