-24.633078	-10.624285
22.301292	14.731299
21.713623	12.811253
-27.975084	-18.638819
35.299763	0.83306813
17.840927	-14.147493
21.004925	-12.717843
26.23935	2.8207
33.813404	0.62471634
31.212906	9.554623
29.411118	13.379833
38.30413	-4.471809
12.928931	2.3899117
-1.5066497	-7.1835837
18.194178	-12.140289
36.55578	6.458668
28.784798	6.216942
22.893085	13.561923
-24.353767	-11.100641
34.951645	-2.231921
-21.598438	-13.794932
-40.375637	8.913059
30.560081	12.333817
-23.73524	-5.80619
12.470294	2.2726526
-26.359625	-18.242208
23.172102	9.855675
-36.750042	11.298361
-36.576233	4.5782967
28.04089	0.99109054
24.86729	10.610183
33.024555	-2.7832067
-27.787815	6.3630404
-27.513588	-19.367933
14.582164	-11.350331
31.153332	0.30481398
-26.407784	-13.517158
-22.53685	-12.785027
-25.337814	-10.982905
33.344074	9.510333
-44.810444	11.436328
-24.686552	-17.081951
-25.99889	-10.8064785
-16.217075	-7.6068664
25.531868	6.446791
17.091316	-11.099033
34.274597	-3.1093135
8.659439	3.7354317
-22.233541	-9.319143
-41.0982	8.100367
17.145697	-13.460341
-37.950275	4.3854256
24.670792	6.742529
-44.06466	11.146284
4.0996666	-5.1708884
29.257618	10.409795
35.50494	4.774546
-43.35868	10.912745
37.22564	3.175509
-28.528818	6.1239505
-20.043516	-13.501234
-37.13125	10.208951
27.37391	2.6435502
5.866967	-3.5392077
-42.03557	9.462
5.668208	-0.018785711
6.4741488	-3.9027708
20.162504	-12.964793
13.8824835	-11.307931
-27.032486	-10.072709
18.757524	-12.026722
33.80344	10.881532
14.507017	-13.939444
-15.77276	-12.5265045
-24.665573	-18.948816
34.490807	1.5069209
-23.847227	-5.7415185
-22.755627	-14.059508
33.483913	4.639365
22.208874	10.373129
5.9438663	-4.9831214
-25.531246	-11.552199
26.809845	4.5019593
-19.504482	-17.558432
-20.984156	-17.255823
-18.84894	-16.956669
17.529917	-14.45158
-25.521824	-19.977116
6.905348	-2.6185825
13.0729	2.9656036
6.855979	-1.142075
20.27765	-11.824392
22.85083	10.709822
28.273808	-1.2182136
31.649868	-3.5294113
-41.65182	10.948673
-24.212185	-5.903703
-25.877972	-12.381248
-21.128048	-15.469702
36.53558	-0.32123172
-26.118816	-14.207401
11.607033	-11.982527
-41.777706	9.052488
-43.68351	12.158492
11.673355	0.26364672
-41.50118	8.450886
-43.922108	9.378936
37.48177	4.091495
-41.50671	10.185877
29.9153	9.647947
15.437945	2.2988038
36.333405	2.2063305
-38.1786	10.941547
-17.375309	-11.842821
-44.78787	10.664342
-36.303898	4.305321
-31.090445	11.325648
-0.88551176	-10.653817
-30.570183	-11.861884
17.538828	-13.31412
12.810136	1.2182975
26.971346	6.20938
30.788147	11.616928
-0.9706601	-7.4338136
-30.776081	3.5062416
7.0847692	-2.1696396
-27.326527	4.896637
-28.3105	-11.636804
-26.327469	-9.86698
-23.485907	-10.10131
15.499223	-13.161221
-37.509266	11.078018
14.85976	1.4742005
-19.513208	-11.896077
39.453117	2.681148
18.32454	-12.809678
29.014105	11.1543045
-17.96283	-11.086795
-38.459766	13.3557205
17.273518	-11.439198
-26.814934	4.733863
-25.452158	-12.773955
-40.260937	9.921593
-41.911556	10.190572
27.06157	-2.6030009
-20.812439	-17.875107
-26.23744	4.9986935
-29.704405	-7.9890566
24.693228	5.1527867
-24.734808	-8.234433
8.892322	-1.2991267
19.861528	-12.367519
-24.794067	-12.252338
28.810957	13.213911
13.070061	0.6680366
34.57358	-3.8749669
24.045362	14.278582
-21.632225	-13.869685
16.878983	-9.076622
-28.915268	-9.248926
-30.378136	5.801133
-25.488985	-18.553333
12.606368	-10.8303
35.242912	5.82064
22.984545	11.556252
30.7547	7.2116528
22.135098	9.935575
32.029892	-3.6913674
-43.384796	8.367661
-42.623783	12.660462
36.0554	3.8376482
-30.913483	10.553753
-22.847713	-15.670179
-30.646318	10.458644
0.67769295	-7.353537
39.363377	2.6054053
-27.861996	-8.016784
-39.058453	10.58073
10.068746	-0.44045243
-37.815567	3.1544244
24.852518	7.887542
-36.79193	13.054501
10.538959	1.180155
31.445604	-1.7004151
-21.946192	-13.291816
13.983429	-0.5130388
-36.88335	12.481914
21.002838	11.244511
23.523727	12.760105
11.910937	2.3121216
-24.487677	-5.2943015
18.302366	-13.44756
22.457272	12.55691
-28.768621	-13.797269
9.739767	2.0304449
-44.33603	12.043185
-38.513397	9.500411
30.437248	8.226219
14.293589	-11.280375
-27.192242	6.1040163
2.1936035	-6.3449235
-26.761751	6.9201374
-37.159836	11.675463
31.963814	1.6398733
10.727489	1.7126793
1.442623	-6.9032345
-23.446497	-13.590118
-42.29899	10.657632
-29.057705	-14.670184
11.634793	3.4742217
37.180424	-0.06669642
17.211277	-15.192161
4.7362328	-2.7816753
30.43912	12.864233
16.57605	-12.7249775
36.765297	4.194627
-23.71867	-14.743512
-38.40647	3.477879
-25.203203	-13.180978
1.9300864	0.49224842
-43.21576	7.911463
-42.136147	8.342505
33.156483	6.2342057
33.43716	4.1772103
37.918064	6.875522
34.84103	3.3377912
-28.859783	-11.676085
20.166267	12.449474
36.345165	0.65797174
37.194748	2.5209706
7.4900002	-3.232856
-26.213402	-19.870272
12.982378	2.4375906
11.087554	0.69800586
-37.859104	5.0495334
-40.086918	11.217083
32.178577	11.130686
0.57608086	-7.2999
6.644724	-3.014009
31.34435	0.38127998
32.412548	4.3160753
13.976706	1.7112556
30.622366	-0.83055395
34.84648	-0.52544004
4.8788877	-5.5885415
12.2179985	4.7092934
26.089668	7.4800997
5.599132	-6.5138187
5.930716	-2.1907897
3.9555476	-2.7771013
12.931	-12.109092
-39.47778	12.007238
33.726776	5.907265
-28.325834	-7.725972
27.069237	1.6553875
-26.553627	-12.883258
31.183569	5.9222946
14.392471	-13.346045
17.61522	2.7645788
33.937164	4.162434
20.736576	15.09288
-28.013054	5.064369
-24.618372	-14.657105
14.43646	-14.924772
-28.50584	-8.122471
5.500369	1.3438174
30.300259	13.964934
28.448545	1.6637614
21.942532	13.292644
-43.131744	10.068263
27.33046	2.0086308
2.0255015	0.33043393
27.559439	0.62978166
-29.84135	-11.8649645
-24.266737	-18.642656
-23.24423	-15.413978
21.862783	11.415133
16.827648	-11.788405
-40.93775	10.515623
-29.610294	-8.384796
24.031904	13.13604
22.963339	13.085683
-20.150068	-15.354778
22.248482	10.970011
-27.390434	3.163477
7.89792	-2.7717826
33.057545	7.592425
22.936188	12.055269
-28.65846	4.2797084
25.09341	8.995851
-26.4506	5.566673
34.348206	4.040276
32.15742	0.68082595
-37.984123	4.309774
5.9429317	-4.345524
35.63484	2.0918398
5.649524	-3.1857808
33.428146	-0.439933
-24.176987	-11.412661
-17.002058	-11.1937
4.798613	-6.9413424
-21.602016	-9.228387
27.55261	1.7874196
29.977568	5.819273
-26.007349	-9.575226
-27.32348	-15.495808
23.45142	12.0864315
-26.375406	6.043411
32.00981	-0.63574135
-26.51463	-12.049335
-30.493229	5.9119997
-25.170485	-11.617201
28.909851	8.945997
27.481766	6.5837274
14.387402	-12.473217
5.2806244	-4.6132526
-24.153702	-20.142376
-17.04577	-8.067546
31.484735	-4.016335
36.44315	3.0268981
-18.557926	-16.156118
-23.250032	-11.774218
19.182499	-12.43008
-23.949736	-17.709162
32.697334	10.147606
-32.56596	5.985484
-26.27623	-19.00093
-27.73393	-16.032475
-24.947004	-13.449223
34.63094	-1.4459015
2.6915185	-2.5241723
31.102097	-1.5909643
-37.175743	11.848586
-36.177395	4.427495
-27.956615	5.3142157
-45.62571	10.165634
28.915157	12.939628
-25.898743	-8.807029
-30.39409	-11.955087
15.204338	-12.0853615
-21.755863	-18.513933
-37.452778	4.0071335
-24.019407	-9.638227
30.850098	12.06548
26.12197	11.220639
13.3622875	-12.988753
-0.8601412	-10.418078
-39.441563	10.594022
-25.976452	-19.202824
21.701786	14.791674
6.372578	-6.182268
36.776405	-4.973644
31.488756	7.6885977
19.10561	-13.404753
35.248035	0.12249578
22.081865	-12.677967
25.03269	12.592966
-28.835213	5.6321754
12.694954	-13.295545
15.451475	-14.037239
-27.143478	5.3378735
5.2935677	-1.2025449
-30.415552	10.497533
-31.255579	9.885993
-40.865658	11.095156
36.389416	-0.6310657
24.829172	5.851558
36.855236	-3.9160495
32.814556	1.7313584
26.660908	9.911017
33.723568	-1.4900775
-17.594475	-8.183597
-37.698135	13.627286
-27.50283	6.906942
-37.89549	3.568438
11.504798	0.8041244
24.701223	11.294738
-24.66038	-12.6826
-19.346634	-14.615073
5.0512486	-5.939724
30.69723	10.938203
-29.648142	4.576871
33.149033	-5.6622486
-24.623793	-4.6845536
14.277198	-10.47644
19.086002	12.252865
-40.288105	7.967284
16.787432	-14.085728
7.763342	-2.4693851
4.695436	-3.9454896
36.728622	-5.097793
36.67791	1.8914038
14.972351	-10.722979
-24.729406	-5.049182
-20.647644	-17.606724
33.1672	-5.803084
31.349617	2.603482
-42.19629	7.038381
-38.055958	13.485208
15.987769	-15.160803
-0.48564065	-7.6275134
-26.96658	6.567178
19.73686	11.503745
29.448324	9.028947
15.517747	2.2157106
-43.575935	9.371352
-23.910267	-12.514885
-25.194422	-9.900972
37.518917	5.199892
28.328342	2.892591
-43.300323	12.843281
-24.807863	-3.6025016
7.6629624	-3.751631
-27.047024	-11.777048
-25.678062	6.625813
-15.859383	-12.4967
-27.526201	-17.967344
-21.114622	-14.792503
13.519387	1.062712
34.726112	2.4002435
12.908052	-13.610096
20.97812	10.755339
-22.079233	-5.954881
-22.618898	-9.576369
-26.186426	-11.651329
-27.712786	-13.932307
25.405544	3.5862896
26.881866	9.050597
11.837445	1.8591869
-0.3776752	-7.542574
-36.945404	3.336575
9.380686	-4.0040216
23.309467	10.59886
-41.20094	9.653888
25.427277	8.100412
24.588137	13.368252
34.7466	0.45553926
4.693529	-4.4707413
33.89708	1.6421857
32.37107	6.9051743
24.090303	6.6844926
32.41394	11.297559
-21.6873	-10.004847
29.202759	7.674838
-29.102688	-9.388539
-36.16888	11.532018
36.57906	0.77518183
-27.892412	4.1363935
25.472178	6.9069595
34.02391	-1.6717881
-25.780735	3.2474172
11.466366	1.8660176
35.536568	-1.6454102
6.112292	-1.3867888
-29.520668	5.4494805
-20.456709	-10.374595
-42.423004	9.014269
15.284325	-10.491856
35.10874	-1.2464634
-20.801714	-14.277356
