-11.917325	11.928314
-16.718636	2.943648
-15.8506565	5.1998672
-17.104929	-3.3088686
14.902544	9.366666
17.514668	0.4664028
-15.2457285	-8.02164
17.085318	1.6737552
-0.36497328	-18.058998
0.39199188	-18.058842
11.042779	13.362566
-17.03459	-3.8270216
-0.413547	16.921495
-8.868913	-15.41015
15.445867	-6.5444207
4.112417	16.787498
17.085155	-2.000714
-15.614466	5.799062
-14.450803	-9.555252
-15.965234	4.5257535
-12.861233	-11.437992
15.784123	8.399986
4.2669773	-17.707653
15.41152	8.828092
-8.583686	13.996241
-17.00341	-1.9408067
-11.618269	11.330331
-5.2053103	-17.408484
13.274687	11.108532
3.763654	16.900215
-4.9493666	15.924765
-6.3642397	15.583434
9.802949	14.344078
-3.6252365	-17.37987
16.889593	-2.0399635
16.543072	-4.438543
9.035895	-14.708744
3.5739706	16.41327
-5.7823234	15.800468
16.971474	3.3612773
-12.578423	-12.1341915
16.418753	-4.34454
-11.425403	12.337928
-12.000058	11.838762
4.6264105	-17.481455
-16.884857	0.5334386
-10.578147	-13.803888
17.162931	-1.2632113
-15.09676	7.0963435
8.66538	-14.9020405
13.875668	10.44635
-16.273426	4.524247
-13.5599	-10.526158
17.052729	0.20342486
17.166948	-1.1890491
-8.679993	-15.574701
11.485292	-12.648713
9.809165	13.8306465
-11.260858	12.386437
10.953423	-13.120439
-2.7233562	-17.635456
9.413793	14.084081
-13.035617	-11.120155
9.112506	-15.152283
10.396704	-14.105347
-10.070926	-14.619748
9.536492	-14.2861
-6.275575	15.078851
-14.703556	7.6786866
-0.14194907	-18.065872
14.77887	9.323957
11.068774	12.970892
-14.1820545	-10.447088
3.0629153	-17.687252
15.244242	8.094551
-2.4079223	16.609106
7.072101	15.468493
-14.169046	-10.52067
16.254776	-5.2959113
0.90471184	-18.045456
14.688219	9.099747
-5.4535437	15.80218
11.960551	12.461318
8.531505	15.0304575
16.080841	-6.170952
8.4587	-15.393909
15.92426	8.096248
-1.2974482	16.804926
-16.327515	-4.9888997
-5.6332283	15.487136
-16.805943	2.3745627
14.849495	8.731105
-1.9215128	16.686104
2.9572706	16.772108
11.443148	13.257273
16.259808	-5.0315447
-10.571595	-13.800895
3.6034877	16.91682
17.153334	2.5094326
-2.9005563	-18.05311
5.7904463	-16.996357
17.52295	0.6530615
-15.2911215	-7.936509
-10.305146	12.814295
-16.827765	-2.342886
-10.982862	11.911205
-5.305461	-17.064455
11.859166	-12.248755
17.412653	1.4223253
17.125546	2.1518064
17.23017	-2.0801203
15.088846	-7.492964
-14.011497	-10.873426
9.887746	14.3048935
16.730984	-3.753462
-16.946676	-1.732007
15.961565	6.688548
-11.196111	-13.505549
-6.3776884	15.57453
-12.372646	11.3566885
-14.197023	8.499525
-3.00471	16.558289
-16.265038	3.1726127
-15.712081	-7.014795
-12.770143	10.791795
-8.411351	-15.522486
15.763457	-6.90869
-8.054867	14.335949
-7.651796	14.604523
8.286231	14.623506
-16.095366	-6.02692
-14.506868	8.034103
16.808403	4.194076
5.418879	-16.796108
7.395201	-16.016619
-16.359863	-3.9777057
-13.807526	-11.151519
0.02796065	17.149967
16.621758	-3.1311448
-13.900075	8.962487
-3.3031907	-18.05164
16.291842	6.876542
-16.626019	2.070826
5.184694	-17.341026
-3.0344625	16.601713
17.230642	-0.8318042
-15.66318	-7.1314235
-16.574976	-3.4198635
15.633808	8.597527
9.920816	-13.979919
-16.654272	1.3251439
16.097591	7.62944
-11.86264	11.126756
-14.733557	7.4774947
17.033464	0.8682427
11.323132	13.324375
9.871437	-14.575744
-12.004189	-12.68218
16.488384	-4.542754
-5.814264	15.319723
15.163531	-7.0612826
-10.161519	-14.57907
-12.7697	10.787521
16.997196	3.49112
-11.235216	-13.443801
-7.8651266	-15.884419
-16.69636	1.405792
-3.7522378	16.328577
-10.711677	-14.238251
-0.92320186	16.869291
0.93491066	16.765728
-0.37561947	-18.05819
2.3734217	-17.67648
15.747568	-5.921393
10.44114	-14.048574
-3.8129096	-17.919003
4.317684	-17.260326
-10.486225	12.679437
2.6401467	-17.618803
-5.1293178	15.830881
-16.247574	3.5090888
16.114193	7.5494204
-16.690811	1.0317603
-15.49534	6.0841465
-16.309572	4.272154
14.136904	10.137822
0.07569905	16.69092
-15.619495	-7.2519383
-13.512484	-11.505425
-14.863087	7.608036
-7.074188	15.027763
16.669075	-2.7771437
7.472247	15.149702
-11.146668	11.7453575
1.6738515	-17.988157
-9.363309	-15.001805
-11.39909	-13.292776
5.5536127	-17.247807
-16.946095	-1.3446534
1.1880149	17.246305
17.322083	-0.026910428
-13.742857	-10.223007
-16.688354	-4.8307195
10.273592	-13.624514
10.326955	13.826441
15.3445215	7.7829995
17.052073	2.8590686
11.414436	-13.159418
6.1570163	-16.549683
-4.0934424	-17.306892
17.010672	0.60465735
-17.065317	-2.647964
-10.873602	12.091524
9.774079	13.843826
-6.248722	15.660159
-13.336992	9.744403
5.3254523	-16.838518
-16.346628	-4.112946
8.335138	14.574039
-16.008333	4.971938
15.670977	7.184828
11.4371805	-13.081446
10.619144	-13.5399
17.49472	0.18903571
4.8302703	16.339788
8.446295	15.071505
6.6075463	-16.742382
-17.06671	-2.603745
4.7478337	16.487793
-3.0306463	-17.484398
2.418054	-18.109266
-16.168348	-5.8431745
0.027695531	17.149673
3.3855338	16.463684
-3.437111	-18.007269
11.639809	12.7202215
15.521212	-7.289386
7.9264436	15.237017
3.8423467	-17.514347
-4.3956676	-17.675789
6.4503736	-16.36337
15.733658	7.0360456
-1.2752111	-18.035517
-14.520824	8.0072775
17.225527	2.1340852
3.9894507	-17.345684
-14.22732	8.451139
14.530189	9.662868
-2.6426344	-18.076523
15.110074	8.273696
-6.156033	15.121546
-15.6515665	-7.1676755
16.28166	-5.342447
-16.779661	-2.3794155
-0.027892116	16.716446
4.9159675	-17.08502
11.686942	-12.481555
15.730897	-5.9447794
7.432571	15.232955
9.971073	14.236423
-16.248096	-4.3283725
-7.19474	-16.227324
0.7202444	17.230152
17.206371	-2.4709654
-10.3358	-13.97836
-6.339735	-16.62576
-15.540127	5.962077
-14.8599205	7.237456
-1.1603962	-18.038437
-5.6601977	-16.969515
9.92722	-14.538849
-16.256874	-4.472708
0.6965085	17.23034
-2.0235686	-17.955153
15.519895	-6.4292865
11.297837	12.760562
-13.300992	-10.808866
-13.681929	-11.292579
7.9212723	15.0318985
9.13558	-14.641532
-8.540756	-15.315447
-16.185102	3.923055
17.40616	1.4392579
-11.366511	11.514985
-9.9156475	-14.296724
-13.004411	-11.167463
16.130674	-6.0130644
8.020744	-15.642116
16.000507	-5.383213
-7.615417	14.616997
-11.57303	11.446202
-6.512414	15.222322
5.5327516	-17.258617
2.9793522	16.78442
-5.2157216	-17.400143
-16.702461	2.8559833
17.028969	3.1114855
-15.391856	-7.74959
15.544301	-7.281091
6.8245163	-16.366297
5.5338182	16.049566
-11.236283	12.38826
15.937634	8.001627
2.6493413	-18.086882
-3.2398934	16.272598
16.806854	4.1986322
-4.785085	-17.55056
9.489636	-14.881838
13.963874	10.34377
3.2421167	-17.838352
-2.377834	16.627775
3.2489405	16.885845
17.177206	-2.841114
-15.960203	4.5288053
-16.915663	-3.9723365
8.605228	14.454076
-3.6845	-17.376049
-1.7777249	16.720684
-4.669669	16.01629
-16.962202	0.8840193
-16.513033	2.1855595
-9.958709	13.066778
14.069557	10.228902
16.679464	-4.0539966
-16.946829	-4.3463616
16.727638	-2.4831316
-16.946913	-4.2834477
-2.0304995	-17.954592
17.194408	-2.7105505
1.44593	17.109028
16.200901	6.5184007
-16.619864	-2.9929128
6.7624006	-16.544981
11.097318	-12.781343
-3.3056414	-18.05156
-8.652999	13.949914
-15.786078	-6.8817425
-7.309781	14.81465
-11.4845915	-13.206128
-12.316413	-12.38534
0.954598	16.764029
-7.3034587	14.711812
-5.003279	-16.969084
6.4445186	15.688013
-16.626665	3.4101067
-10.634175	-14.272249
-9.394159	-14.960624
4.2531548	16.243027
-9.532922	13.363276
12.330711	12.096824
15.227859	-6.9163175
2.1969392	-17.871801
5.062705	16.223663
-16.880388	0.7326035
-9.868749	13.12841
-16.690071	-4.80474
-8.181295	14.240749
1.7715855	17.025194
-7.9466586	-15.839008
-13.322315	-11.686793
4.312048	16.776505
-12.643762	10.424674
-16.911306	1.9691275
15.202696	8.074217
4.363506	16.23592
-13.264804	-11.704555
-9.766475	-14.6393385
-16.34475	-5.307407
11.483904	-12.983721
-0.6831435	-18.054466
16.893883	3.8049486
17.508116	0.93507797
-12.146027	10.846412
-9.027036	-15.13604
-3.5832658	16.377857
-13.152055	9.999106
-13.433511	9.616422
10.489285	13.675287
-16.185688	-5.7932467
8.843169	14.831869
16.65896	-3.3005266
9.048098	-15.192742
-17.099337	-3.2137997
-4.9150376	-16.991716
-9.192483	13.595526
16.229393	7.1812377
-4.6321974	-17.13632
4.37432	-17.660353
-8.378872	-15.668901
17.050701	-3.3213577
8.823858	14.856118
-7.640104	-16.001484
-16.578451	-3.3436987
-16.330917	2.8337119
14.979788	-7.7830634
9.766569	-14.077462
8.612407	-15.4205475
2.7959776	-18.03612
-15.140576	6.8654976
17.207006	0.019523714
-6.2418556	-16.661366
-10.930271	-13.960541
-15.415707	6.2677803
17.067574	-3.2842278
16.401098	5.7927856
11.055842	12.98681
-16.50757	3.7134721
9.285143	14.339512
15.45681	7.538836
7.9523497	-15.679788
16.501448	5.440862
-12.970929	10.241158
-17.048344	1.2505603
6.3266606	-16.845722
4.3296633	16.773375
15.874579	-6.6832895
11.683838	13.009442
-14.874638	-8.742429
16.928387	3.6918156
3.9715114	16.282576
-13.539234	-10.596925
-15.967325	-6.4213877
17.067642	1.1632855
0.5439228	16.72057
-4.1433787	-17.833694
-4.202271	16.17277
-15.2205105	6.67825
17.182564	-1.3476776
-15.849882	5.207213
1.7013645	16.880116
-12.881803	-11.749163
-3.28815	16.602459
-14.136877	-9.994227
7.402255	15.351719
-14.2003765	-9.951724
1.5965581	16.7962
3.6637363	-17.789675
-1.1002284	16.757454
15.245919	8.993599
10.89833	-13.596327
1.961823	-17.981052
8.408126	-15.212026
-12.400445	11.317571
11.104224	-12.782634
-3.0772965	16.295961
1.1120789	-18.022322
-11.824591	12.02683
11.794152	12.638253
-6.082414	-16.769522
-12.38828	10.593015
6.4522266	-16.362846
0.17643927	17.206268
-14.05731	8.728474
13.520814	10.840868
15.08811	-7.607557
16.227516	6.4013615
-2.152925	-17.967028
-17.029913	1.439222
-10.462166	12.708
-3.0017173	-17.495373
