2.2051978	17.319475
-24.04686	2.2754986
-21.355669	12.355073
-0.3136023	11.618606
-6.6928573	-2.7819412
10.817156	-19.830194
-2.6496098	1.4377482
12.499857	-9.256358
-14.648299	0.41887704
-5.120749	10.222334
-22.294138	6.995325
-23.97055	4.7324967
-16.358456	4.058413
5.9433174	-11.758431
18.746016	-13.922889
2.430512	-12.234921
16.338501	-6.775922
18.769129	-7.3065434
-3.4566584	16.733814
17.970394	-4.403022
-7.48467	-12.010125
-2.1917243	1.3251178
7.197909	1.2180266
-9.208189	-4.1478815
-7.9544983	16.191113
8.534435	10.118585
-21.098705	2.452431
3.1573372	-17.046724
3.0137653	-11.818927
9.850138	-14.1452265
8.209249	10.806531
3.8009157	-16.49714
-22.991413	7.4350977
6.323186	2.576783
21.66633	-7.4031625
-17.708012	-2.8328426
6.3210335	-19.422302
16.546076	2.566335
6.2870054	4.7243176
-3.2259593	-12.225648
-1.3177499	11.759093
-16.120901	13.944921
5.754134	9.548907
16.153671	-15.024952
-21.41037	7.3310537
-13.187312	0.58763444
6.4794745	-7.503942
-18.713642	6.112956
4.025596	4.9142814
7.845848	2.5858052
13.349633	-16.082855
20.776901	-14.736802
14.000033	2.9478233
-20.523018	-7.023952
0.83367205	18.598188
-15.4796	12.218466
1.5612817	18.046452
-7.2749887	-9.065068
7.171373	-10.767559
-25.234205	4.40419
-6.2552886	-10.741537
10.630056	10.934588
-1.8135142	-13.168837
-4.940811	8.377251
4.5811763	-12.937018
21.843925	-6.1518216
-8.190888	-3.440987
16.823496	5.585075
7.832337	-15.243154
8.063614	-11.059656
14.819925	-15.7286825
-20.218452	-6.2424026
-9.470807	7.4735413
-13.05578	13.7037
23.66966	-13.568857
-1.6355661	10.427873
-3.968481	-2.1543083
5.0019917	4.9380226
3.8233714	-3.496527
-7.4573503	14.612756
6.9817686	9.947062
-3.61351	17.669504
-20.936544	1.1290332
9.247298	-10.514598
-19.072008	2.9971397
-23.3209	3.1319115
8.523869	-10.492525
-17.148851	7.4343796
9.617948	0.5354609
2.435976	9.149775
11.346698	-10.109039
10.999712	-12.834255
8.452207	-20.165068
21.46602	-15.251862
-9.666764	3.8333852
-7.9745307	-2.1792977
-6.1180596	-3.7384648
0.08949347	3.8478026
-22.846638	6.128464
-2.5239017	17.81184
-18.109945	-5.068612
19.499918	2.3057952
-8.27385	12.519121
13.907343	3.640699
2.3121657	9.923286
-2.0539095	-7.9498634
1.4672557	13.617895
-9.124848	9.54257
-3.764211	-0.46620008
-17.359926	-3.6251078
-21.136547	0.168377
-5.3132524	-3.4931283
4.4701295	11.4419775
-13.970452	10.492407
-17.416506	-9.1014595
23.00478	-4.4354277
1.288135	17.176624
-5.8023133	-1.0910087
0.5932522	7.025523
21.492247	-8.813072
15.143705	-17.163652
10.133328	-11.423544
3.1204777	-4.4509735
10.430412	-7.928464
-7.8283296	11.995494
11.4074955	-7.2645984
-18.379936	16.34241
1.7114885	-0.45337036
17.174244	6.150278
-2.8869648	12.785492
-11.065822	0.15148234
6.3242917	-8.969206
3.0691085	7.832379
-20.53587	13.7136135
11.634399	11.657127
-8.587621	-2.689834
-11.307704	2.986973
-10.918093	9.904986
4.3260107	-10.853082
-13.233719	-2.6096451
18.986324	-2.8307812
-1.3600738	0.67684036
5.6140523	-1.4749304
2.5189803	-17.751444
-15.583667	-13.2100315
-19.433882	7.8286653
-16.738997	20.111593
-2.9781475	2.2822492
15.765055	-17.797583
0.32090107	-2.2585819
-1.6434145	7.2717333
17.677023	-13.867411
1.9900906	8.416843
-4.759479	12.317387
-13.592271	1.627052
-4.173622	-10.188632
-6.530973	-12.053642
7.548061	-18.216032
19.729658	-8.61484
0.97906107	0.020398706
1.6635174	-1.2494196
18.144451	-6.9101534
21.885424	-4.7899413
-4.7105947	2.8055925
10.083076	-12.796869
-18.090017	9.485623
-15.305766	11.201551
6.0414705	-0.5549256
11.017423	-13.991449
-13.8969755	-2.164949
-3.4345174	-17.130466
-4.6353793	-1.3846601
-22.02667	1.8212057
-9.881149	3.1066628
-21.788185	2.716032
19.021902	1.8127948
5.951986	0.386641
11.40327	-19.46181
-9.28121	-9.873341
-13.236122	16.658052
-0.5750641	-13.369448
-10.299938	-11.168224
5.4681306	-20.048489
7.058258	-15.608107
-2.303341	6.134768
18.220455	-15.463399
18.582726	-0.74909645
-19.967514	5.775676
0.036693215	13.940065
-19.077589	-3.623028
1.2246081	9.089615
1.627447	3.6884208
19.432196	0.86218673
15.294873	1.5051911
18.685257	-16.09673
22.879843	-9.166724
3.7276306	10.717771
1.0395449	19.852274
22.653847	-6.868758
12.135133	-7.6536307
17.139261	-4.289308
20.994719	-16.207338
22.90471	-5.0230474
6.8508244	8.925768
-9.840584	9.845601
-23.236134	8.749744
21.36552	-10.830369
8.697846	-12.013931
14.188243	-13.9859
17.583986	2.7124698
9.54466	-19.919424
6.520662	-21.26926
4.561781	-15.739733
-2.9435713	10.750832
-22.844236	9.276251
5.6898117	-18.582685
-12.8334255	-9.217166
0.96039116	15.401057
-15.869042	10.202462
-18.712284	15.824845
5.232599	-14.141153
18.972935	-17.6036
-1.9961458	-0.7902365
-3.640656	3.4162505
-0.37377957	19.370848
4.360823	-2.3410466
14.490711	-6.0586443
2.4802532	15.090969
7.2579365	-16.244488
16.49537	6.481572
-22.446548	8.338442
7.027362	5.938526
4.5944777	8.831627
-8.957968	2.637726
-13.854689	-9.206294
23.229874	-11.717518
10.875332	-20.492586
-11.13105	-1.5589074
12.460513	-3.466709
-16.112038	16.6384
-6.7072506	-1.7228638
-17.202765	8.636416
-15.416653	19.225012
-11.068249	8.204962
-3.2714272	-8.0479355
-2.013842	-8.751261
-13.561598	0.9881813
0.3474746	-15.933151
3.394684	14.215313
15.717113	1.1621382
-11.209	-12.239823
22.570662	-5.7734294
8.366779	3.7187726
1.023162	3.5448055
-11.578302	8.216587
7.228721	-17.312317
-19.99121	13.963556
0.17830841	20.02325
11.389713	-6.602483
6.5459204	10.483094
3.8433533	-12.939964
-9.593575	8.42188
-18.485273	-4.1622524
-5.434638	12.810748
-14.676381	14.269712
19.384825	-0.17377919
-9.347475	-2.2243142
21.10259	-4.9675293
-14.150172	-2.8828402
5.8563375	5.706266
-16.017097	-3.009391
-3.9522686	3.5746799
23.387516	-9.295438
18.759514	-12.782591
-21.54794	4.526507
-16.839302	-3.0681815
23.08321	-7.8643885
-9.712462	1.7360615
-7.7335377	-3.6436822
-11.129586	15.177728
-6.441565	12.649703
13.439873	-3.280497
17.097206	-7.8975654
-20.542091	2.9824648
-6.389306	-8.127651
-9.59042	-9.25772
-17.078924	-8.075223
-3.30753	1.6324334
-14.704196	-12.048618
9.884682	-0.5093703
-10.322895	11.041843
7.009314	-9.291434
-16.450434	18.811956
-10.9731655	7.56965
16.588932	1.762566
-18.569555	-5.8095818
6.687122	0.25929826
19.560135	-2.769409
1.7323111	16.403536
-1.7221683	-14.101493
10.83047	11.848882
-9.60632	-12.3735
-18.242405	8.024673
-17.61461	19.95574
10.199852	0.07350096
-9.25207	-3.4202332
8.853443	1.0539521
22.764942	-11.354876
11.841997	-3.8102014
4.3009996	-18.22607
-13.428875	-8.83284
-17.321508	18.564531
6.695355	-18.89725
-9.869241	-12.89522
-18.411373	4.6663914
5.3043394	7.433003
6.1844225	1.2870994
17.305235	-14.431545
3.146651	-2.9104605
-10.395521	9.16426
-4.5375514	-10.8440695
-2.706818	-9.976326
4.738731	12.301819
-12.898136	9.88656
-7.670424	-10.878265
0.8854631	-3.0068192
16.841932	-16.326355
5.246031	-16.037544
-16.2496	19.381376
-4.267979	-11.278632
-2.980936	-7.491422
-8.7176285	-11.398934
1.6956095	-15.429417
22.191063	-3.4238467
-9.698279	16.209194
-14.179742	16.716919
-3.1938848	11.65529
2.179	-3.35504
-14.050714	13.371051
-12.225923	2.9542
-15.563542	14.889843
20.718643	-3.9491432
-4.210518	0.36827254
1.295489	11.705272
10.494254	9.501975
-16.914093	-0.50027376
17.363054	-6.549917
-1.4415619	13.741585
5.5533347	10.852521
14.375841	-2.0116909
-17.374687	4.5519633
17.97158	3.93821
-0.23320624	-15.388074
-19.916433	-6.9275765
13.755664	-8.781184
-7.601439	10.213237
-15.220343	-10.303287
14.519938	-14.652459
-2.4063163	-17.977879
9.311272	-0.4694033
22.327885	-11.923613
18.55562	-7.8393664
-17.099014	16.832338
-8.26504	-1.426652
-3.0098927	-1.5450327
-19.420633	-1.3599082
6.632435	3.8840604
15.38654	2.5569067
-2.6805587	16.28615
-8.4424715	14.063428
-16.099512	15.050428
13.860637	-8.22323
6.520056	-20.517172
23.6795	-12.662031
-12.899549	3.4734385
-0.77527416	18.408796
2.6557055	-14.617254
-13.786323	15.851689
8.631198	0.8700344
5.1828156	-3.3726292
1.7540859	20.124819
-0.28004292	0.8147398
-12.191808	10.437187
-25.098705	4.9598317
20.95428	-10.495823
19.490446	-1.2978275
-6.92092	10.456898
12.176529	-19.727211
3.3968534	-15.727
3.9922311	9.238787
6.6122723	2.3837843
-4.4802656	10.5002985
-9.963024	0.2647354
22.709433	-12.799735
-22.27409	12.046476
-15.774025	-0.0352446
-5.9678574	-2.6069913
-0.8880842	-14.964004
-8.170127	9.589558
18.899511	-5.7440877
20.627998	-1.4861443
7.5931673	-19.911282
-0.09220237	2.910267
-17.548113	5.864198
-17.181076	-7.090351
7.7728944	4.750024
5.867931	11.732567
16.795645	-17.006685
13.767644	-7.3286777
-4.5018616	-0.3975068
-14.857007	-8.749544
5.174394	-11.450508
-15.038857	-6.413565
9.932937	-14.81625
-20.141645	-0.59299916
-16.803576	12.783393
-15.5278	14.174076
-15.001417	-12.906173
-8.055868	15.239351
2.1014924	12.264869
-23.548555	6.784553
-15.782864	-12.253949
-8.595593	-4.4771533
-2.1483645	14.021875
14.63149	-16.315052
-4.782115	16.945328
13.500865	-15.542563
-14.568936	11.707926
-15.812025	-1.196827
-12.340663	1.8473661
-11.158243	-11.179007
-2.8932128	5.6356835
22.32222	-13.992431
-16.776682	-4.855598
-18.88992	-2.735751
-0.28634363	2.190624
2.4071622	14.015484
4.1590295	-11.84158
0.3756679	7.9643946
-2.376196	-8.736546
2.4170704	-2.4442515
16.122074	3.0652473
-22.429625	11.205338
19.190948	2.7277489
1.5931675	2.045317
-5.3161488	-12.483422
17.22213	-4.737316
-3.136262	-17.505507
11.461684	-8.398472
-16.821512	11.02784
-8.84042	11.110531
-22.388723	4.1229606
14.583646	3.3435657
-0.018806947	-16.476227
10.0912285	10.676101
-24.416622	5.7309446
-14.310268	12.775998
-16.502092	-6.111629
0.32897863	-17.396622
11.4862	-4.5144463
