13.2393465	-16.161167
-3.516667	18.960056
15.580803	7.1304026
-8.522195	18.528702
16.717752	3.7702174
-0.43227404	18.70375
-16.94471	-10.019494
5.306932	-19.92565
-18.171995	12.457054
4.671228	16.880268
5.255708	16.804277
-15.969991	14.612813
5.627126	-20.235794
8.26035	-19.064169
10.987578	13.033365
-1.3041536	18.709352
-7.423184	18.912798
-1.89905	19.08514
17.46854	2.5539439
1.36129	-20.604263
4.3801913	16.976866
-19.279526	9.770139
6.076288	16.425768
-4.1688104	19.012259
-10.037728	-16.47683
-14.696347	-12.583306
-1.1584039	-20.212948
-10.243583	-16.971056
17.295856	3.1475468
1.8737011	-20.607666
-7.202917	18.71496
-6.7806935	-18.50379
-10.4442	-16.819733
-11.375138	17.629625
-6.03741	-18.916065
7.9116907	15.381614
14.927612	-14.253954
-13.8417635	-13.175707
-10.686717	-16.550909
2.673646	17.650135
-18.095448	12.560328
-17.64312	13.216626
14.188424	-16.04815
-17.25828	12.783026
10.220858	-18.391228
0.09949686	-20.396349
3.042628	-20.58269
-18.634512	11.232045
-9.203287	-17.109856
4.3331914	-20.32359
4.053678	17.6243
16.962402	2.5461583
7.9483795	-19.576794
-10.982333	18.023806
-9.496992	-17.425253
7.4635167	15.643431
8.852544	14.883043
-16.673153	13.705303
1.3493059	18.231178
-4.4403768	-19.795752
-3.3065057	18.837711
15.633519	7.085364
5.1568904	-20.380285
13.907742	-16.323679
-13.229577	-13.860008
-18.873316	10.7039995
-13.868141	-13.745426
-12.867717	16.845057
14.43944	-15.221418
9.027223	-19.188354
-8.867166	18.414217
-14.275902	15.875042
2.7911983	17.547434
-18.454735	11.912615
-19.390265	-5.380856
-15.233476	15.041567
-17.499056	13.286313
3.2190633	18.011276
10.636042	13.315271
-2.6286724	-20.021988
2.9845884	-20.611769
-4.2897134	-19.331736
11.453858	-17.734644
1.6736965	-20.261456
-4.0677543	-19.881065
-5.8422513	-19.03097
0.312689	18.58701
-13.978107	-13.668486
17.24063	1.502839
14.306895	-15.805709
17.521244	1.2033048
11.141414	12.661035
9.489917	-18.749271
-4.0718007	-19.3722
10.247343	-18.370617
-15.575356	14.674063
-18.437683	11.878437
17.465738	0.9198703
1.3973237	18.224485
8.175469	-19.530077
-2.2030184	-20.11058
-17.794455	12.158706
-14.06202	-13.176968
-8.1580925	18.503126
-7.1502743	18.815464
-6.554422	-18.824001
-17.614515	-8.5014515
12.221557	11.524272
-18.8556	-6.035061
11.901213	12.072626
-0.78574497	18.867865
17.474243	2.299453
-19.516193	-5.8398023
-16.231817	-10.725073
-12.439317	17.10585
16.83444	3.0036256
-9.691446	-16.81979
8.572998	15.228219
-18.427689	-6.9313655
0.29352495	18.420298
6.121228	-20.001291
12.607684	-16.91115
-3.6733606	19.088165
15.934164	6.6553445
14.516204	8.80397
14.139334	-15.275194
-2.7833521	18.803968
12.346292	11.726243
13.000493	-16.984598
4.3296475	-20.31134
0.5909503	18.395105
-13.057929	-14.358544
13.370439	-16.570292
-17.78858	-8.952582
-14.820063	15.433631
3.4648077	17.38359
8.508691	14.755918
-1.4744484	-20.058218
-19.269476	9.784387
13.694423	-15.642654
-8.89944	18.60316
5.32608	-19.919289
-14.790161	-12.486438
-18.478104	-6.763009
-19.40955	-6.19963
4.974662	-20.414913
-9.820586	18.37426
-17.45065	13.322446
6.218502	-19.925507
-2.022556	19.114134
-9.637662	18.1032
-1.95969	18.756657
-6.341202	-18.911917
-6.3233976	18.899933
12.667899	-16.693195
-8.313586	-17.834084
11.016851	13.041114
-17.337234	12.654387
12.752265	-17.062944
-15.041673	15.317095
-5.5969877	-19.139055
-11.384168	17.735577
8.199748	-19.09846
15.32265	7.5338006
13.752312	-16.444098
9.896529	13.97712
-15.303009	-11.743439
1.7554439	-20.660765
-9.086388	-17.508348
-19.183044	10.0039835
-1.2857245	18.98174
15.413329	-12.991081
14.521747	8.801947
4.176525	17.055197
-13.564938	16.394127
-15.077224	15.433487
-10.158709	18.155952
-18.910612	-6.981498
11.128484	-17.917671
16.574972	5.4527287
-7.1544247	-18.426142
-8.970769	-17.389103
13.72891	9.874873
-3.4634533	-19.892525
2.8356118	17.521803
12.680292	-16.687183
-12.340341	-14.930285
-16.178715	-10.802215
-10.270387	-16.361784
14.979491	-14.123025
-12.788737	16.890774
-0.114035115	18.51377
16.3358	5.0065084
14.942643	8.167324
9.917682	-18.606192
-16.048294	14.396276
-17.581703	12.39994
13.068571	10.714994
13.703649	-15.628246
-4.964319	-19.492344
3.544046	-20.381622
-6.992273	-18.567442
-14.090179	-13.557188
-16.642769	-10.022462
10.9533825	12.849516
-18.360516	-7.6168365
-10.622218	-16.26381
16.216839	6.0781507
16.09935	5.6293025
7.214547	-19.642742
13.315229	-16.044014
-1.2203394	18.55586
1.2155467	-20.46069
7.18085	15.808197
-2.4965441	19.230955
8.479324	14.771621
11.838013	12.161278
16.401608	5.7962317
-15.643826	-11.469019
14.08144	9.416381
0.5790705	-20.431683
-0.8120598	-20.309063
-4.2438836	19.071508
8.21808	15.377351
-11.798697	17.392118
6.852757	16.003845
16.620907	5.3235273
-15.3305025	-12.081568
15.350838	-13.173102
16.340174	4.980202
15.419851	-12.945174
-16.862192	-9.66644
5.5473337	-20.276905
14.792354	8.381518
17.468348	0.7368232
-19.43668	9.214119
-14.002859	16.124891
-6.9531302	18.84345
12.958856	-17.00847
2.755942	17.990953
13.95569	9.578094
-16.424253	-10.520644
-18.909359	-5.8638153
-17.856272	-8.743447
-13.0490055	-14.17487
14.799908	-14.525991
0.52846754	18.442415
12.024651	11.915997
-11.664912	-15.524199
2.865025	-20.289188
13.418753	10.268958
-19.531076	-5.496827
9.916725	13.931277
-8.272815	18.791363
4.898158	-19.998423
11.595286	-17.651955
11.218298	12.670025
9.226533	14.441936
-4.714551	19.033699
9.330305	14.379939
-17.268833	-9.3857975
-19.260292	9.801307
-7.062985	-18.479433
3.7411005	17.261892
-19.395376	9.386603
-19.390408	9.411834
-7.966117	18.543184
2.327735	-20.463102
4.6764946	17.382994
-16.344526	14.168118
3.404866	-20.383038
15.956322	6.535022
-3.246925	-19.897196
-17.190247	-9.522061
-15.2811985	-12.138826
16.713392	4.6295133
-19.165173	-5.467551
5.9630218	-19.850782
-19.418604	9.282745
-13.264669	16.587145
12.744623	11.1054
7.3815527	15.691079
-11.917694	17.354246
-1.471118	-20.374924
-18.001839	12.856224
17.56722	1.6258887
2.3590991	-20.507933
17.558664	1.523132
-19.25331	-6.376124
-3.3369658	19.210636
-15.635437	14.920929
9.61023	14.152569
-7.5028687	18.895437
17.130625	2.1439033
14.502514	-15.10544
-14.096145	16.070503
15.251608	-13.437285
-0.21665084	18.646172
-13.435057	-13.613566
15.475434	7.276556
-19.369574	9.511756
-9.826575	18.086199
7.7745647	-19.515009
16.975527	2.5286727
12.314715	-17.22124
17.326385	3.1203587
14.79599	8.392288
-17.492008	-8.681039
-17.429363	12.528895
8.73545	-19.377401
-0.8693989	-20.29944
-10.080426	-17.080095
12.532153	11.357419
0.8422965	18.35927
-10.600372	17.696802
11.918842	-17.446104
4.571998	-20.087847
-15.947317	14.508462
-13.382218	-14.146063
10.105721	13.758419
5.0586815	16.895231
-18.3811	11.549479
8.106806	15.017395
-19.464273	-6.1074595
2.340059	17.957186
-5.1424503	-19.301043
-17.083864	13.0387
16.785473	4.873305
-12.706562	-14.596213
-8.585098	-17.691996
17.011091	4.2365766
8.703561	-18.838896
-9.62731	-17.351587
17.178268	3.46919
-9.160382	18.303543
-14.83397	15.415167
-3.1578724	19.183727
17.480318	2.605998
-15.211738	-11.733897
-16.913895	13.790132
15.252505	-13.433081
17.199066	3.7082407
-7.906659	18.845217
-4.9834304	19.004807
-4.424175	19.03818
-18.938784	-5.7703595
15.636124	6.7170377
-14.891023	-12.333403
-18.619143	-6.481308
2.8602455	18.03328
9.903584	13.975018
-10.906961	18.064934
-12.61985	16.968172
-0.7324738	18.509586
-18.037212	-8.062815
-19.396341	-5.3741746
11.325528	12.86346
-15.484846	-11.743881
11.32695	12.856396
6.571963	16.159283
-15.5669775	14.969805
-2.5634491	18.789637
-11.209797	-15.902681
-6.9985847	-18.536238
-16.819593	13.8173065
2.867101	-20.311577
-1.4609947	-20.378395
-0.52075064	-20.341076
6.2393117	16.328081
3.652788	17.813396
-9.43915	-16.950829
-10.596161	17.708157
-16.90466	-10.066886
-3.764144	-19.50991
16.987926	4.164239
16.62775	3.9193754
-2.6448102	19.24621
-4.3115587	-19.845041
-11.218436	17.501566
-11.517325	-15.636852
4.5648346	17.404087
16.530687	4.365646
-3.5714579	-19.78121
-1.0175436	18.884691
10.050831	-18.436954
-16.780882	13.616968
-13.347854	-14.162709
5.374141	16.76284
14.1165	-16.123852
1.5596993	-20.269506
6.5326643	16.179214
-18.221062	-7.9217844
0.32781905	-20.407808
-10.535431	18.167395
6.3591595	-19.881712
8.867601	14.85226
-1.6096919	-20.096577
-14.91318	-12.055572
-18.996878	-6.956004
2.9707243	18.049608
7.726611	-19.289015
-11.861735	-15.352281
-14.214838	-13.21343
12.444614	11.606914
-10.770813	17.647697
-18.39844	-7.4373846
14.758942	8.44199
7.2303777	-19.631777
8.082522	15.054519
10.538345	-18.25047
-18.162632	11.6758175
4.002575	17.644526
9.500766	-18.756538
13.551271	-15.71523
-18.624075	-7.3688283
-17.91445	-8.540044
-16.627935	-10.107425
5.0290446	17.133354
11.040553	-17.96192
-13.673679	16.193115
-13.687406	16.443872
-17.511408	-9.128351
14.529471	8.78949
-17.420574	-8.712833
8.721429	-19.386703
17.245056	1.4585989
1.312262	-20.496456
9.063314	-19.082062
17.468649	0.6991646
-6.2313256	-18.756369
15.849861	6.347455
14.336192	-15.680117
-8.720683	-17.605473
-9.9369135	-16.590458
-17.893341	13.006462
-18.60612	11.299041
12.419773	11.436089
4.6199393	-20.428205
3.218892	17.456207
13.890861	9.66414
-4.5259466	-19.372284
-13.340141	16.591759
7.153598	-19.65777
16.096384	5.654281
-2.209353	18.732628
-13.711537	-13.271797
15.226784	-13.499601
-7.384331	18.596815
-10.929698	-16.156431
-4.9966383	-19.30299
-9.354907	18.473629
13.535124	-16.593662
-4.1109815	-19.871721
16.74224	3.3566163
-19.015121	-6.8448167
8.769983	-18.812384
-11.101447	-15.957311
-1.7951282	-20.225811
-2.4569988	-20.055813
8.37237	15.340979
