21.490541	-43.66576
-25.608648	27.829376
19.203062	22.108261
-6.933853	-19.6018
23.69271	19.248693
-42.131287	-26.761557
13.671498	-38.600334
29.480886	15.125795
-44.340782	-6.111213
-27.137793	-30.443459
-17.269255	52.140278
-23.258652	49.115715
-47.21456	-11.738026
-12.61609	52.727757
8.323625	-24.474262
-22.79185	22.199144
-2.4310348	47.47283
-3.0437443	48.054996
10.215724	-30.292437
11.935451	27.357357
1.0260911	43.15011
37.954784	-29.629997
44.65867	-6.220193
1.2988907	42.767597
-13.77065	-23.89901
39.24902	-27.992205
-27.208426	0.12134871
-20.456251	16.918823
-26.982918	30.496796
-19.926249	13.081032
36.87126	-30.92115
-21.998186	21.218086
-13.597368	52.59162
45.841675	-14.703148
36.525955	8.291099
-20.412342	8.208623
-30.386711	-1.3476789
25.436838	18.181158
34.06577	-33.476265
-24.02706	48.87544
-11.854908	-22.208467
-26.268904	-30.418665
23.501816	-43.66218
10.408442	-31.141926
-21.918385	49.992294
13.577813	25.728905
10.49504	28.952787
-24.248934	48.293953
12.971533	-38.5818
45.195656	-9.001561
-25.626999	-30.454739
-0.49892673	-17.412954
10.77576	28.457428
-33.207466	-2.393559
19.006107	-42.58538
-44.82747	-23.493778
23.023012	-43.884064
-2.0572855	47.462852
-2.9235587	48.772575
-22.53355	22.700655
6.494665	34.266747
42.36196	-22.900953
-7.6940856	51.383747
-44.808266	-23.437654
-23.996473	48.15404
42.94992	-1.6294154
9.315541	30.089893
43.964886	-4.736063
-25.077911	26.758636
-3.405758	49.01676
2.3005412	-18.337805
-30.571785	-1.4755387
-41.63516	-26.3577
-20.101799	-28.429037
-47.458786	-17.469084
-7.817267	-19.721806
44.469753	-4.5908546
35.48673	-32.75196
24.56386	18.365025
-16.096907	-25.659946
37.816536	-29.807783
14.2951355	-39.74726
-19.867542	9.26105
6.105003	35.462303
-23.863655	2.538876
-26.295166	29.3807
2.5881643	41.053852
-18.729658	-27.54738
8.640416	-24.644403
9.491902	-27.040766
15.552293	24.492256
2.8287358	39.962223
-45.658398	-7.9837503
-11.889342	-22.598654
38.826588	-28.544588
20.541075	21.16206
3.5121446	39.694584
16.301966	-41.249386
-19.992994	51.075768
12.36506	-36.958828
-20.626482	6.918564
38.045303	6.404403
-38.599586	-28.383595
9.093064	30.063679
9.6369295	-27.658873
-45.515144	-22.502714
7.496269	-22.808636
-46.840656	-10.687249
41.056705	2.3252504
-19.673956	12.605862
-22.590395	3.8935647
-47.09859	-18.26298
13.551166	-38.956596
-46.24446	-9.156318
-25.881737	28.417765
45.667248	-9.826635
16.80023	-41.53684
18.557346	22.364372
8.985118	-25.475658
-1.7776349	47.052685
-0.86838996	-17.479143
5.1746097	36.72336
18.902884	22.524076
17.946302	22.872948
-40.90662	-26.957012
30.916594	13.918727
-7.583212	-19.923471
45.03747	-9.513399
45.452362	-9.086799
-9.286116	-20.697552
26.201881	17.446339
2.5965598	40.58904
10.700835	-32.357895
-28.583027	-0.577464
42.147415	-23.330824
14.992003	24.8918
45.546173	-13.865727
-47.018734	-11.205436
-13.171609	52.47665
-6.7008743	50.8905
19.874054	21.58633
34.774467	-33.423103
26.249775	17.415026
-19.85921	14.396982
2.0193617	41.79828
-22.818382	22.679214
21.85076	-43.509113
9.549033	-27.307135
-0.019704066	-17.648657
39.655277	4.184375
-12.552624	-22.823938
21.01917	-43.16201
6.617805	-21.304832
-15.684758	-25.36249
15.879844	24.269253
12.745863	26.62516
-7.277614	51.189888
-23.507284	2.8678102
-14.137621	52.90192
45.61285	-13.491539
43.979645	-4.078434
-3.7168362	48.959602
40.160507	3.4629996
-47.127373	-18.814938
-13.33046	53.09705
-45.60141	-22.807364
-47.64177	-13.530315
33.140907	11.949911
-20.107342	8.7316065
-12.080224	52.70961
-47.299137	-17.50902
39.686	4.134565
-22.863834	3.3885756
43.043697	-22.439846
-23.9424	2.4844441
37.60034	6.9821053
40.778248	2.575551
-38.680008	-28.362103
2.0199287	41.70194
3.8193226	-18.992006
3.1809096	40.553677
-19.159195	51.48877
-33.35615	-2.5623882
-21.36845	19.921078
-11.488376	-22.295816
10.873752	-33.2748
23.755175	19.106218
-18.359493	51.863766
4.4704247	-19.483515
-29.917612	-1.3378454
5.9878917	-20.842249
33.958202	-33.809635
40.634262	2.281465
23.216219	19.51612
6.2538724	-21.11835
8.017725	32.06642
11.640656	-35.259834
42.0802	-23.914927
40.303448	3.2116046
30.24528	14.286143
12.824708	26.544985
-15.397813	-25.14659
45.585148	-9.594616
39.272312	-27.960724
-47.769127	-13.104555
5.833336	35.53045
-27.725916	-0.14134537
-10.74417	52.489754
-8.988432	-20.730724
37.391075	7.252687
-47.543324	-16.113512
-32.259438	-2.1086507
-25.165754	26.919422
-12.894437	-23.229445
8.40808	31.465858
-27.322575	0.072080836
-9.645409	52.268875
9.315393	-26.480892
-47.085835	-11.547
0.6095012	-17.526838
-26.478724	30.165663
-14.673378	-24.594206
45.2735	-14.255902
-8.790842	-20.326216
42.757282	-23.4271
38.44222	5.88242
9.464255	30.393314
11.253415	-34.24151
-19.920809	13.90136
45.519115	-10.395978
1.8955364	41.96058
42.921383	-23.356806
14.044153	-39.545574
42.73975	-22.439636
-18.103329	52.076992
-47.582943	-14.323072
-40.63161	-27.430445
12.324254	26.999853
36.83564	7.929487
2.2682102	-17.930058
30.50047	13.981032
-47.592186	-14.914631
11.738761	-35.51135
-25.002058	-30.341484
-46.405293	-9.527972
-47.286438	-13.342911
17.959925	22.85849
-19.833761	8.669452
13.161449	-38.95455
25.744116	17.710037
-25.591515	27.789318
44.34915	-5.0502305
42.376457	-23.923409
20.602358	-43.00453
-20.522228	-28.369816
-19.797255	8.170861
-44.425	-5.5151515
23.59511	-43.619404
34.604225	10.458067
35.269257	-32.319748
-26.601217	30.863455
-47.56803	-17.880106
-21.177744	5.935629
-15.166669	-24.969786
-19.109167	-28.001638
32.64962	12.382633
13.324457	26.134758
32.44942	12.540261
-18.064217	51.74437
23.020203	-43.379017
-26.001438	28.695518
-23.441288	-29.52185
4.890661	37.216877
10.971771	-33.63643
-21.152517	19.063066
-20.228449	16.036827
45.879307	-14.096359
44.449364	-5.400191
9.031303	30.527735
-11.34202	-22.056442
-20.472067	-28.111126
38.54234	5.747662
-19.456793	51.34347
-26.317886	0.46457997
-9.758969	52.142944
5.8070173	35.20638
-22.469435	21.760717
34.267277	-33.82834
-9.897773	52.458313
0.9090343	-17.815538
-45.305374	-23.278004
4.0042634	38.737263
34.478436	-33.098454
-24.378027	-30.15716
33.868683	11.497071
-20.905548	6.3915744
43.283653	-2.368626
20.677618	21.079838
13.197307	-38.036068
-26.99318	30.824615
36.63674	-31.200457
-21.780272	50.069847
-29.770182	-1.031123
7.973865	-23.547222
2.5733755	-18.13904
6.1174684	34.685307
12.796754	-38.138153
-44.95517	-22.917473
38.90128	5.251726
-23.09597	3.4152844
-15.580487	52.516888
10.788158	-32.67647
-26.443935	0.8519129
-23.645596	48.35058
-20.003	7.840695
35.572697	-32.39877
43.17843	-2.1202326
17.333103	-41.812138
33.786583	10.973531
-41.96283	-26.400648
10.205667	28.806082
41.44867	1.0632404
15.662194	-40.84491
-34.213345	-2.8010354
-2.1144984	47.807125
32.12642	12.843124
10.303255	-30.685808
-20.984535	18.66904
21.652094	-43.192406
6.6817093	34.153526
-32.208694	-2.0920558
-9.978135	52.228638
-26.947681	31.179016
44.219715	-4.400236
-9.278606	-20.606573
0.98244494	-17.445274
-12.491394	-23.045153
30.026379	14.721659
-24.402605	-29.891281
38.962696	-28.383879
-19.522188	-28.249147
30.581137	14.608445
43.001213	-1.7266468
6.7621984	-21.734123
45.33147	-15.201761
-26.144377	0.5568102
-2.630252	48.350574
3.0426114	-18.498869
20.248373	-43.131805
24.341682	18.851389
-22.109348	21.942287
41.645786	0.9471169
-19.565037	13.064616
-26.175201	0.8479414
6.526695	34.75926
-46.248516	-9.168425
-15.158969	52.596992
15.246406	-40.55135
-41.87885	-27.066269
-7.763651	-20.209442
-47.52787	-12.620253
3.046796	39.939156
0.10912849	-17.254171
18.773909	22.04042
45.704506	-15.21206
-43.81541	-5.6491866
38.52921	-28.92525
20.098324	21.454224
9.049811	-25.727085
-39.087368	-28.194214
-16.541874	-25.981882
9.898074	29.185863
-33.747795	-2.6377563
-45.44909	-7.6063194
12.572636	-37.426285
36.49801	-31.341051
-17.571533	52.077423
-8.096094	-19.948421
14.666419	-40.08521
22.173307	20.166801
45.203644	-14.854479
35.038467	-32.664555
-44.042202	-6.1122994
-20.75888	17.955534
-20.362724	7.6073413
30.940916	14.27572
-46.948895	-19.278187
-19.915497	-27.778444
-26.535172	29.78385
11.155452	-33.46103
45.273674	-10.157867
-24.577919	-29.690157
37.043526	7.6740217
-39.179897	-28.148788
-21.563187	50.205017
-44.013916	-5.4190245
33.467335	11.480213
-19.543787	13.417746
-45.633076	-7.930887
10.200148	29.360228
41.137424	1.6857623
-44.610992	-5.8456163
37.231785	-30.49824
-21.538103	5.3865747
-21.181047	19.561832
22.729116	-43.65477
20.673473	-43.51825
8.496456	-24.100199
13.798122	25.976084
34.26703	10.650456
-23.52077	48.802143
-12.980824	53.007988
-19.620949	14.035354
-22.640787	3.8625038
-29.173164	-0.7871608
-47.23901	-12.914712
-23.819368	-29.690762
0.8686687	43.38206
-18.978046	-27.389244
9.22599	-26.15905
-14.213622	52.640553
-6.8513784	50.975243
-1.5406961	46.695732
1.7933242	-17.908497
8.16692	-23.979872
4.688237	-19.669117
-25.273949	-29.912952
-45.272316	-22.470922
-20.615461	17.467237
24.914604	18.524939
-24.263346	48.641426
-17.0237	-26.313343
-19.601221	-27.595966
-22.231531	22.383577
-32.806385	-2.342915
45.597507	-12.4720335
10.452384	-31.332985
-20.961018	50.54926
6.4502783	-21.53795
-45.073223	-7.0006757
36.23017	8.630617
25.23618	17.92875
-3.5055103	48.49629
42.684177	-1.1034316
45.28664	-15.767887
3.4032648	40.33155
11.42218	27.84127
-41.567814	-27.274261
34.29703	11.068715
-41.079704	-27.472118
-47.414364	-18.32973
-21.537582	19.661493
14.053339	25.569504
-29.107174	-0.94039863
43.10868	-22.863205
-21.647308	20.366568
-26.143372	-30.25409
-25.16367	26.915741
-41.286808	-26.646599
41.55067	1.3919729
