-25.204632	-18.346392
1.5927488	36.328465
-1.0913736	35.58761
24.804134	-40.752277
28.594547	-16.883867
29.522575	11.747269
-7.331888	38.005646
-4.979078	-13.44572
-20.272388	-6.726469
20.792728	2.1815214
28.382006	-20.020178
27.801275	-34.193855
1.9512012	15.745288
-1.4105896	44.14691
27.101173	11.473641
-39.367966	1.5762662
-17.301418	17.969582
-28.901299	-32.12463
-40.937805	-18.397734
-29.591858	-31.538872
-6.1006546	-16.103846
36.90841	5.317325
-2.0283475	-1.7430302
0.6992237	-1.9933842
5.5896735	19.042486
-22.779802	17.892471
6.1542907	3.131636
2.9734008	46.679974
-1.9261177	-37.193302
13.535393	-32.44582
1.9416869	18.583933
-23.334318	-17.63966
10.053701	-3.8378117
-10.080642	-22.277025
31.388695	8.93595
-5.307822	-2.0105414
44.433826	25.40477
20.772411	-22.985647
-50.7268	-20.233932
34.95969	7.6700106
-19.262531	36.557163
31.554428	-32.24869
-18.955936	-17.060707
1.9826345	-30.188332
-0.5617044	-6.6303344
-18.337091	32.234493
-38.103638	-18.819838
-50.62869	-4.836194
-17.833784	-22.17619
33.29833	35.71731
-32.46532	-9.224825
-32.821224	-23.321896
-16.996672	-10.61628
-13.5170355	16.036566
-50.28129	-0.5673384
-41.808132	-13.216086
-44.995197	-19.151861
-35.069782	-9.467921
-50.22987	-22.111723
31.076872	4.752324
-14.144641	-35.384235
37.73884	-9.633879
-9.818295	2.607961
11.352003	35.97471
43.352486	25.288612
1.516166	47.0794
26.636992	18.095057
2.0342445	19.42027
-8.400667	30.416578
-19.131859	14.356859
34.4159	-7.212276
15.884638	13.190666
-2.3899772	43.219955
15.831098	44.3217
-25.034529	11.977195
21.427197	32.163097
-32.89563	-13.16133
-34.014717	-18.149757
40.23013	8.055128
-14.760411	2.7085772
15.08063	36.774796
15.836631	-15.879785
17.242804	-5.8444123
25.133356	35.667797
16.200212	39.32219
24.593548	44.293903
-32.98883	-8.149989
5.543648	-35.66867
-11.831468	-26.718569
14.135688	21.936644
-16.860369	32.217083
36.68983	-8.517893
6.2257943	-15.946395
21.914337	33.89296
14.778946	-9.8595295
7.086514	-11.080969
3.4386706	8.745228
8.79583	-31.346472
29.581963	13.012807
-0.10928738	48.81287
40.56197	27.191694
20.982458	44.11493
-37.902023	-32.000267
11.008878	-23.791769
-12.068292	29.019293
-8.662922	-4.453755
-2.595293	48.619186
-51.463192	-6.465828
-30.685005	-8.460576
40.537926	3.8159912
-51.477436	-1.2623007
-21.59447	-29.033224
1.5107019	4.8953815
27.806587	-21.313675
-2.542864	-40.841152
-12.754376	-26.60574
-21.11692	2.4331472
-5.8657875	45.65618
-25.103516	-19.503517
14.98416	-22.19497
14.38803	26.1677
-10.519458	-2.233811
-21.312836	10.905497
17.31505	23.65748
-32.592247	-24.078053
2.587389	-20.592241
-0.03513347	-13.21074
15.126374	-27.018898
10.608733	-22.564474
-0.09680041	-36.977737
-23.922102	29.106932
19.946423	3.4871604
-10.537085	18.865273
-32.613674	1.5382833
27.963991	36.450718
-16.468683	33.444355
-38.685463	-32.535854
26.477669	-18.691843
24.28189	11.397902
-23.081743	23.295893
-7.6798224	-21.641708
18.81411	4.891523
6.572658	5.754714
44.20967	28.159758
16.35242	-31.672203
17.894314	39.72981
-5.06871	-17.694736
-28.323448	-28.527075
25.779049	-1.1727153
17.069735	7.8415565
-29.735792	-28.511852
35.672176	-7.3796563
-32.840492	-29.528597
15.767793	23.78093
15.036296	-5.989903
-32.108414	-15.144852
-53.613094	-4.900107
-11.802976	-24.678272
30.720842	9.703828
23.154352	-32.97975
18.477892	41.99439
33.518177	33.888344
4.823824	24.11083
-7.739177	18.761099
-15.633777	0.41416508
20.653706	-0.51798916
-28.626001	-34.973484
10.667499	-8.467327
-18.885967	38.193558
5.1529016	-36.43302
19.624683	-23.640574
9.987872	-44.31556
26.99964	20.43191
11.451495	-44.51353
-53.160282	-3.7553215
31.521881	35.993683
34.073616	35.03121
-20.614271	9.551292
-1.322717	-5.166818
23.066717	-40.415802
3.959936	3.6249914
19.848204	46.553345
-9.139095	4.03448
-21.097717	-21.74409
0.72818315	-29.475706
33.4757	-6.6913395
-27.194332	-21.952532
-27.85886	-35.871735
-22.536541	33.010082
-18.233374	-12.823366
-23.669155	-20.502846
25.945326	11.476079
9.391255	-42.47234
11.935515	-23.397827
-11.28472	1.5735543
-20.817337	15.352499
0.1153335	8.492684
-13.877428	4.3172016
-22.662218	-41.198093
15.236214	-32.015713
8.974411	11.828458
-1.0129946	-14.6701765
-22.989931	-39.501373
-16.597149	2.6706197
5.636923	-38.59507
25.23895	38.144512
-29.233616	5.7194777
44.950195	28.755281
37.330452	31.702457
-31.44477	-0.23555365
-1.6036564	21.28485
3.2631533	36.821957
21.286865	0.6447656
13.546099	19.714325
21.064434	-20.67777
-5.435256	-35.86134
27.879606	42.01698
-33.772434	1.4739517
11.608545	14.9276705
-23.622961	-37.82584
24.86492	36.78886
32.85459	-32.046116
-12.579976	-0.3458403
-16.059496	19.34619
8.101685	16.080694
25.60226	-2.2268858
36.860474	34.21186
5.4153123	32.484165
20.113173	-33.17821
10.8293085	46.108086
-17.145878	-5.745619
-16.736082	-22.172785
3.2709658	15.3577795
-0.5089432	20.81694
8.32725	-43.651634
31.737267	-6.9679785
-17.592913	16.268633
-40.83886	-0.12695166
1.1924559	-7.8397474
-19.513363	-7.1378403
-1.4547687	-6.7801623
-11.477662	16.274216
1.845479	-22.531733
-31.437675	-30.770641
-49.889164	-4.1506414
28.506723	41.717964
5.210391	3.0315132
-52.58134	-2.0073776
11.6726465	45.91449
-8.46	18.297316
19.267748	-20.483479
-33.262337	-20.880344
6.478316	-12.03417
-18.273476	-28.729574
-51.750065	-15.9899435
43.695805	23.844631
-52.719887	-8.409827
19.044415	44.917683
28.031052	-22.71302
9.664551	17.923653
-20.957293	11.690531
-7.9611287	-15.526328
25.526518	-33.39497
16.188478	-5.0110836
-41.340004	-15.246763
-29.583559	-0.7582628
19.243324	28.72557
0.026291948	-30.564688
32.91261	32.258003
-23.91079	11.251121
17.532862	-6.696435
17.851059	25.355879
-31.273119	-15.897062
0.89944404	49.77289
-2.2514186	-10.688128
-51.873806	-14.852037
-42.13806	-12.011578
-20.116838	35.73
29.070742	-6.99608
-30.561409	4.4292192
-25.520351	28.92747
4.2857566	36.789574
-4.406072	-40.05237
13.7316885	24.916372
2.4785042	7.944697
-1.7305522	28.806746
-13.021321	7.636969
-12.595725	6.339184
-4.306209	-15.813452
8.464015	20.822815
-2.6033175	-18.603956
7.3318124	24.666512
18.935358	10.013161
-38.72392	0.6760123
16.822329	5.7093635
-28.14281	-29.600689
10.029711	11.33979
-32.03213	-20.86301
-16.612305	15.538244
-3.130971	-2.309256
7.006913	36.587574
-3.1964035	-19.49228
15.682305	11.843161
-22.656853	-4.592716
18.195389	-20.235523
36.14486	-5.949499
-11.823956	-0.88445723
-6.8119364	-20.709108
7.131415	-40.449245
40.71258	24.607903
23.1324	34.78234
15.2660885	-12.201625
-14.484653	18.31243
-16.126806	-37.746624
-3.562491	38.934288
11.999342	20.5087
-6.59073	-22.085463
7.3519874	-32.141293
6.1749406	-0.77296644
-2.513311	38.528923
-17.113121	-37.88237
-22.737103	-23.619085
35.04062	-4.9051447
39.512527	7.488947
0.82684356	-24.228022
13.185525	36.483883
-25.161366	27.477787
35.80467	33.106087
-20.265959	-29.154766
-24.452961	-22.602829
-47.986336	-0.4150033
3.990812	7.1864343
19.030373	9.15889
-4.0281916	-36.825764
-9.715363	7.2806153
-35.587337	-30.906767
-10.72727	27.238516
7.3207865	23.37572
-17.534191	-7.7885838
-7.2076073	42.79137
21.782871	-24.824404
-19.785862	-21.177502
-34.808044	-19.21133
8.901296	15.129673
-0.41121924	36.40055
-6.6381326	44.411415
38.1282	30.054993
25.254993	-39.6946
-23.320044	18.509304
17.018349	40.548893
-31.739899	3.1546361
1.1053854	-8.6581545
11.828584	-42.014034
-12.641651	29.74546
19.997139	29.834946
-4.4379983	-25.126116
-17.965136	-24.41584
10.863758	20.627398
-4.0705094	47.564255
-5.8409014	43.236423
16.17457	-12.839976
7.082172	-8.025303
-24.123213	33.20994
11.422045	-42.963703
3.807325	-36.180748
22.5632	-10.39251
-8.182822	-2.9254227
-1.0964231	29.325188
12.619797	33.99489
-13.731477	14.752558
14.128774	11.234141
4.0885797	-51.08975
-19.690342	-16.387123
44.199165	22.100323
4.3880405	-31.512049
-34.12064	-29.278685
14.544462	-25.592403
10.417623	16.432909
-22.29044	-39.82227
19.513266	-34.107525
40.815563	5.055001
30.118616	5.986546
-0.7119498	8.861677
2.3695168	-23.150928
25.368866	-31.45578
-5.7717013	16.179052
37.751404	32.582123
25.480106	18.095251
-39.65093	-18.680132
3.7327461	-51.555088
27.496273	-16.837183
-41.6612	-16.07504
-6.5042815	38.87143
7.4648485	26.099573
28.673866	6.293897
39.863064	27.743654
-22.576178	-28.656683
30.346064	36.368
23.084763	-41.5403
-32.123573	-6.324131
29.073425	-34.88776
-4.003646	-24.12117
5.662207	10.412548
-18.324995	1.660176
-50.068676	-1.7681823
26.951103	-32.913937
-24.527084	24.88669
-33.270138	-10.118881
29.551428	-25.744297
-16.39677	1.2362125
-52.923546	-9.224977
21.396063	35.019444
-15.7315855	-10.845213
42.152157	24.014328
7.2038465	-1.1609833
-6.4216175	-2.2600014
8.267093	-8.590937
-7.43834	-35.472
37.571346	6.0740676
26.15609	-30.204525
-19.390907	34.867104
-30.327553	-36.02152
14.706355	37.828114
15.571384	-14.043388
15.85106	5.7197566
21.441504	-25.704145
0.66457844	-27.335655
-5.185134	-40.330753
-13.165847	-10.366102
26.814041	-20.538504
-9.136141	-21.191021
0.94001424	14.954655
-42.547302	-20.410774
6.6909385	-15.383582
-16.12698	-9.642125
-37.6661	0.7261876
20.534897	46.265865
-22.655846	22.307467
39.824146	2.618455
7.4152646	-12.977155
-0.9948927	-2.4020283
-3.4043193	-9.973777
-0.05760402	-0.36124802
27.419512	17.627121
3.973848	19.025272
-1.5033219	49.100567
-50.030598	-20.975464
-3.016803	-16.298496
-9.412422	5.373746
-27.149258	-20.786602
-52.588104	0.11083193
15.173087	14.161307
-44.50955	-20.348265
10.013497	-4.759754
12.408033	10.999813
-5.1139693	15.912208
34.212708	-31.751955
-9.574446	29.89535
-15.973395	-38.817825
23.480898	17.729141
