-2.2998505	27.102665
23.127203	40.862354
-47.85873	4.02912
-11.9793415	32.5803
-10.569313	45.945904
33.94481	16.057594
-45.793648	3.7856534
-28.00067	31.76257
-23.59396	-19.668299
1.6232224	-12.255323
-11.5462475	42.341614
25.87516	32.937393
-38.6675	-27.375996
-3.957132	2.2824538
32.30492	15.971431
-26.729897	-38.62877
9.5517235	-34.963264
8.463321	24.498205
-41.424625	-7.409792
7.2321467	23.915806
-19.567299	9.261644
-6.8591967	12.535352
-21.98107	-5.9019923
-25.682978	-4.865269
-30.42578	-38.893513
4.4875927	-25.254957
28.625244	-2.4780102
-11.689867	23.55789
25.779736	11.263089
-27.049812	25.133474
28.552242	-30.291067
5.60105	10.4870205
-35.321777	-34.462772
1.9120933	-20.12226
35.981133	16.799913
-27.212751	-2.7642288
45.626717	-18.575136
-16.75364	42.215065
14.278159	10.537292
-29.012152	33.236485
-37.413994	6.490024
14.627772	43.071716
7.3492866	10.418951
-23.41285	23.664028
-26.007757	-8.423725
-47.699898	0.8541957
-1.9954978	34.27331
-12.455223	-14.690458
8.048037	13.34473
20.764755	38.499126
41.741142	14.178594
-10.664112	27.000397
-22.02019	-23.904772
14.472064	-34.71701
-12.754751	-15.743425
-41.22607	-5.061868
2.6106713	23.286488
39.52963	8.189859
14.324181	11.409478
3.7224195	40.405624
-20.34751	16.290787
-6.214384	28.826082
-27.723959	16.163824
-1.5225818	15.6749935
46.4076	-19.305986
-4.48625	4.7553105
-23.19086	-14.370978
29.136433	-29.817522
29.139986	27.47822
6.245594	-34.318394
45.745117	7.5547566
28.6884	13.272687
-4.209737	1.0539378
10.900171	45.824448
2.9808333	-29.306137
14.332589	32.463028
-9.200154	35.969112
0.6238498	33.910454
-2.865153	48.65842
-29.988886	6.197843
-5.3136353	15.34616
34.73024	5.167205
-23.352924	-31.263216
16.687151	30.265606
12.226129	44.268284
5.9828835	44.584126
42.495728	13.489005
-10.471137	-43.788055
-16.902704	11.132903
18.646994	-21.001553
-5.098747	-27.515812
46.989807	9.272905
4.0872617	-22.735289
13.2611065	31.682486
-23.4747	-33.184803
13.727607	-29.987219
24.137178	-11.463789
15.077326	7.997766
-32.944046	-17.00241
-2.7508364	6.05922
39.802868	-12.369866
8.302849	46.021233
-49.746502	-7.799892
27.86868	-0.94693315
13.076647	-8.718267
-3.8400648	-28.927094
-1.8184035	6.5720925
-15.088012	-8.864323
42.382957	15.862652
-6.4252086	-16.88265
-11.611567	-12.391963
0.20622675	20.856821
23.55719	-9.0796
-12.234759	43.534557
24.182537	14.496559
-13.893354	17.310377
-9.499439	-24.31919
-44.771633	9.688211
-2.9426763	25.757065
2.8511653	-46.092686
16.230469	-19.606462
-2.6950397	-31.65391
4.1662564	-36.032974
17.032658	-16.179798
-3.3331196	29.235212
-24.276037	16.133274
-23.077047	-1.1273818
20.121681	24.023178
27.20864	1.5534865
27.142225	11.050951
-46.436867	-0.18984318
2.8641286	-11.574922
-8.591228	-14.693826
-47.56391	-9.446364
17.138641	39.010418
-43.20243	3.9462883
-50.1215	-5.9683247
-12.628062	45.06455
29.957228	14.485378
-48.7472	1.4954175
-18.006147	1.4027584
-32.43572	-22.65976
13.61976	-18.0598
43.600838	-18.196812
18.877897	24.735237
13.692908	43.393562
-21.03913	5.004774
8.225404	20.501226
-0.4631101	-11.758145
-28.98928	-21.274643
7.83074	19.540184
46.840633	7.75802
5.9283805	16.755007
18.769138	-17.975613
-24.411427	-32.51277
0.49159545	35.83171
-13.562456	-7.9607954
-18.308428	11.182928
34.57128	16.990248
22.56298	30.087318
8.731337	38.438885
21.158209	40.567028
24.74655	-30.986279
50.69327	0.5632012
-30.941324	9.5212755
-33.206673	-5.2456217
-42.620552	0.5285378
-32.74346	34.824486
-9.107048	1.4743763
-10.717759	-42.957684
15.8344	7.6812086
17.331789	-1.0084851
-25.18247	-13.111564
16.392689	-0.12867779
-12.692901	-9.677124
19.054216	40.143814
48.630524	-12.360414
2.695502	-35.014084
40.43015	-10.096722
-10.555559	34.53627
12.736903	-19.394697
-7.7366014	26.825558
-28.840443	16.093365
7.2371564	14.815153
-21.764683	21.68844
45.51703	5.9751644
-6.485318	25.79525
8.46423	28.600103
-40.45752	7.65896
-29.41579	-35.716286
5.3265367	11.230181
31.333302	15.388022
-12.941177	-37.429565
28.069984	1.0774477
-5.1706123	-32.877842
-23.072426	-25.263792
20.41031	-10.957212
-30.134512	4.5758133
-25.214079	20.21285
17.904919	24.652098
31.691591	-27.503973
-20.006027	0.37783512
-11.086381	26.116804
-28.9744	7.70353
-10.629553	-40.585213
-15.121803	-16.648743
-1.0859407	-38.287952
42.58695	-18.436394
48.267883	-13.493187
-47.79808	-15.969376
47.859035	10.618272
5.3872285	-1.6234453
6.94927	-4.4557304
22.54323	-21.826933
-14.304548	42.391415
23.027777	10.214176
14.723909	38.014343
-44.07392	-7.1037807
29.589546	-22.500751
9.487781	26.992584
17.427567	29.96263
20.866522	36.28534
-31.503284	7.172672
10.233684	-36.069576
28.388084	-26.114653
18.09868	-27.67608
44.866283	-15.924766
26.53716	-15.367858
22.070242	28.930586
-7.33049	6.810129
-45.48924	-16.175516
-0.63530296	-22.752132
-29.262829	-39.50628
-38.793495	-25.35162
-13.634843	-36.814117
44.219723	5.563539
8.795396	-33.846054
-11.6928835	-18.799934
44.05897	-22.158133
-23.21508	-20.368345
40.55114	-9.196478
-36.64698	-25.483543
-32.29575	-4.980436
6.719515	25.047163
-7.959029	-11.510943
21.344458	32.97227
28.307117	-3.367494
-8.163254	-10.439481
-5.8109484	5.755984
49.39961	-1.1331865
1.299424	-46.204994
-1.7312685	31.811792
14.626798	-31.741121
9.699727	17.556496
15.856184	23.153631
44.97222	-20.093119
-17.191385	-11.889255
9.893152	45.303677
-0.9768065	-32.00865
26.55514	-25.675695
4.1964617	-34.805058
-21.965736	10.66789
25.784817	31.888252
-23.77836	-29.754467
-42.44746	-5.665342
-46.704964	-14.933756
17.022709	-11.236738
-23.363039	22.088854
20.562458	42.693306
3.39579	-33.261692
-22.599207	-30.702768
17.475426	-14.56047
9.829355	32.64667
-1.9710269	2.5848746
-31.03951	-5.4980617
15.847386	22.11204
-39.273945	-5.6243076
-45.543324	0.6247882
39.45982	2.0216217
-48.583496	-15.380732
-40.423748	8.896538
6.302783	-2.458597
24.531582	13.48383
29.57087	-1.2659123
23.498718	-10.081187
-27.172125	-26.2262
0.31719184	47.387768
1.1392014	46.8239
-19.348816	4.216848
23.111666	-29.76524
-21.258677	6.032001
18.822535	-26.46702
-30.152668	-17.972227
-10.6811075	-18.60038
-29.780792	-22.397186
7.0359993	22.528612
50.043972	-13.595447
2.7145646	27.500055
8.722376	-29.087957
-22.970541	-5.731538
23.765343	-19.151342
-18.750261	8.232893
-33.220448	-19.135809
-24.263817	-17.568796
0.43995634	-46.132584
49.047935	6.757206
-3.992145	-31.527454
-18.161448	0.46983454
-10.594476	-38.56375
47.01496	-21.965755
11.973038	32.419777
36.590168	3.5117795
14.277423	-33.349243
-20.312778	19.628857
-46.02439	5.2738357
22.853716	-20.871798
2.2339985	-18.677952
13.532337	7.3770027
32.125908	-20.611584
4.383282	-0.3526504
-21.281235	19.603693
8.742402	16.812334
46.907394	5.3077826
-2.1780987	48.19659
-21.850216	26.72579
-4.2390466	15.249067
-0.25685337	-23.715225
47.187145	-13.028352
2.3911364	19.711376
5.6190915	15.160287
-8.654817	-12.909971
22.725	-11.866129
4.4476542	-10.676232
24.30712	11.09453
-29.803093	-2.2486973
-48.871593	-9.082031
14.4501	-7.9310975
23.533758	-30.695791
23.702486	-7.4267907
-45.50847	6.6420836
-16.58683	40.957893
-2.0188246	-21.923098
-0.71004164	34.262714
29.669445	-26.585587
6.3940625	-0.6399456
-45.096165	8.175814
36.268715	-12.975452
-11.721562	33.790672
3.6154509	-25.06478
9.696173	38.50561
-44.702946	-8.3037405
-25.832323	-9.319545
9.473022	3.0785537
12.445978	-9.43012
27.660318	26.723398
-0.55982846	-6.234307
11.634495	15.65248
19.254404	-21.916836
-7.089952	-0.42817676
-7.3755045	1.0624574
37.578037	3.7367947
16.992144	-28.795696
15.770391	-1.296073
17.52972	0.1978944
-9.482242	-42.78075
2.3208497	24.326235
-3.7660017	-29.778748
-27.923748	-26.095152
-30.647657	-17.283197
10.017873	-28.390423
-33.20377	-20.419243
-2.6985245	-12.033567
-2.974432	24.25789
2.663185	-15.131299
-10.410636	-45.392563
-49.880547	-9.93768
12.401102	-20.663805
29.237083	-23.32128
-23.352694	19.170296
-6.59967	-10.110836
-6.4028177	-17.773405
2.9735615	40.685776
18.494333	-11.385394
-22.567398	4.028369
28.74724	28.55699
48.621964	-0.4629243
43.869827	-14.371074
-20.892033	13.723611
-3.9438236	34.70279
-3.5256267	-12.597148
-27.43041	31.159489
-13.320778	-6.545669
-44.61905	3.4420211
34.606113	-12.949486
4.7558813	44.75866
39.39674	-12.984257
1.8889518	21.110466
19.509151	37.97782
-10.324105	32.832672
43.561058	16.192663
7.074266	38.294163
2.2247593	-16.827305
32.402325	-28.06939
-30.472925	3.20841
-10.437288	-13.461059
21.96881	31.722557
0.34979728	-4.791274
40.768574	13.559314
9.046618	3.9828012
-30.589157	8.221497
-16.34156	-12.451261
14.356043	29.944752
-29.63362	-34.76271
45.767097	-21.275072
31.08325	-21.604053
-28.432608	-2.0037668
-24.79234	-0.8188149
-17.218626	18.03584
-4.884274	-16.79545
29.15652	29.765306
-40.26381	6.2585444
7.0952487	29.291962
-6.181281	14.15883
36.292984	4.8159328
46.68758	-23.20139
-16.994556	40.08373
-23.001642	24.982168
-33.55167	-23.706736
-31.33256	-34.664738
-12.724348	42.16838
-16.628286	1.4020821
-27.899717	-38.472485
-12.603487	17.270233
11.205533	-27.868036
-21.725706	-23.059816
4.6723194	13.51647
8.421876	43.641804
2.9579284	-27.21202
-9.5118685	47.08836
16.068195	-31.164461
-24.322477	-5.6501846
-30.376207	-7.0645504
-34.354893	-34.503395
-23.707825	-13.887954
-30.260729	-40.583
5.116814	-9.779252
13.348319	22.0182
-17.946602	6.550976
-30.392971	15.465522
1.533012	27.19725
-12.506146	-11.629828
-30.96587	-31.065924
3.9735281	22.619274
-31.875238	34.520798
25.970297	-13.895658
-37.648266	-25.984917
-51.355965	-5.574915
14.840565	-9.700424
-25.96316	24.622341
-20.944437	14.725707
