7.634073	3.286415
6.316959	17.017244
15.871772	-3.848202
21.082994	3.9862888
-4.202213	12.445682
4.4853215	11.884141
10.30679	14.050679
-18.320429	3.1022408
-18.077335	-6.365709
-8.46684	15.637215
1.5942	18.359657
-1.4067928	10.029619
-4.049928	-29.908113
-10.675718	-26.252436
5.8354025	11.457109
-6.1896696	4.644738
-14.616172	-4.919
-11.849364	7.031473
4.8863635	5.5196233
-18.638283	7.1699133
7.7086997	-1.7428094
-1.4702624	-4.9993734
-2.971543	17.0818
-3.389931	0.9615205
-4.472326	-30.560236
-19.08282	18.898315
-12.889905	1.550754
6.552993	-13.372571
16.222965	-8.563978
-16.302433	6.7201877
0.3920622	15.249749
-23.452713	3.3493488
21.870407	8.435208
-19.146206	17.34965
12.938749	9.622716
-15.862662	-5.561287
10.344532	21.670008
9.637238	9.279559
7.086541	6.1208286
-3.416516	12.819023
-4.918989	-6.9829006
-4.9024262	-9.278506
6.5721874	5.1269083
-5.945479	-20.604614
-18.795876	0.20082586
13.107431	12.312152
-19.475187	5.9323177
4.3272796	-24.793688
7.534971	2.221492
0.073976025	-11.503139
6.3526254	11.151158
17.91896	-7.010545
-20.090014	1.36121
-3.6854703	-6.4909253
-0.42362633	-23.073105
-9.865503	18.316
-10.356966	18.134699
-3.1706548	-5.7772613
-12.314234	12.370881
21.867252	7.839
9.496071	-1.2913316
6.097755	-9.604201
-16.31684	3.9504864
-5.8658276	-23.412855
-0.3559473	-9.078997
-4.608287	-25.16916
-7.8657346	-26.491014
4.9086213	14.325234
14.406662	10.638424
10.761158	4.1690497
5.678216	10.557215
1.1323985	0.5642029
7.949999	15.12074
0.2067023	2.9675496
-16.617348	18.675924
-3.1231403	7.3579526
-2.8770046	0.6531963
-7.49247	-3.156162
-7.0249844	7.7753243
-11.506149	3.8687382
-2.1179812	-20.752687
6.9910207	3.8000994
-14.817612	-2.6817167
14.385928	5.963955
17.002077	7.009843
13.083821	6.90329
4.3131704	10.897633
-10.447167	-9.129846
-6.064424	-26.132896
-2.9787643	-28.333513
-6.5716753	-25.294407
3.8539457	9.814275
-13.869687	2.4532347
-16.947004	6.803353
-14.884884	-1.3180933
-0.8019289	-7.3364835
-4.2769766	0.4947794
6.403997	6.3230505
9.801717	-4.61101
-16.564178	10.780406
11.044919	21.289577
-6.1033716	-8.909529
-1.6453276	-10.618045
-7.9358625	-7.6867795
-4.0796394	-27.107836
-2.137374	-4.3720126
-3.6343477	-10.7586975
-10.660779	13.940991
-1.9548514	-7.6152163
-6.739097	17.134043
2.785787	-24.547861
-20.167921	10.41101
5.163973	-10.551597
-15.608753	18.900995
-4.309264	-6.337727
15.953747	-7.7063847
28.928822	-1.3762294
11.737347	15.343561
7.2620945	-10.649124
9.038074	10.737266
-2.695174	-28.926508
-15.350181	4.3140764
-3.8364356	17.041399
-5.356407	-24.651852
20.304096	-3.2202442
-7.603153	-25.330185
22.874422	6.6250925
4.1792164	-4.1946664
7.575415	4.5437827
8.854321	1.8191557
11.271737	12.839138
6.3502393	-12.580189
2.3601072	-25.68186
-9.428706	-16.48962
-8.276456	11.656398
12.441564	14.454225
2.5850227	17.816605
-9.443504	-19.005066
8.502644	-8.498053
12.900166	12.616451
23.600878	6.4374447
1.93534	-2.8464456
2.0345194	-10.499101
-0.8651608	-8.649792
-14.518912	7.4863343
15.632898	6.6902313
24.739685	6.066747
-4.5327187	-10.912773
-16.399105	2.6300728
-1.6153982	-0.27519315
-6.534725	-27.556341
4.8366637	10.139852
8.594445	6.492076
0.020480692	17.132568
-2.6556103	-30.9067
-20.177624	6.843625
-6.5299697	4.1955814
8.289365	-3.1279814
-7.632837	13.68948
1.3879889	-4.5132985
19.073402	7.5865083
-1.2927974	10.02445
14.4852495	9.779325
-6.852993	5.15143
-11.575777	4.8563423
-9.697155	16.764786
-11.455782	1.0437839
-14.186544	-1.9627845
-1.8584343	-12.497623
-10.075441	-8.872661
-10.747257	10.801507
28.029829	-0.5984094
14.320546	-7.8185525
28.236633	-0.4749425
3.5318189	-23.666626
-8.225526	11.587856
0.9470304	-6.038659
3.4409015	-9.895894
-9.3068075	-26.262793
17.397457	-5.4385605
-20.71289	2.5386686
8.757711	-12.367219
-3.5175266	-26.71054
-20.039532	4.6223507
7.3392553	-1.6225382
-2.130212	-31.596823
8.135035	-12.063314
-9.502689	1.3779069
-9.881585	6.977725
-5.3527126	-31.11885
26.002966	6.24036
5.333255	11.909432
-6.3535733	11.678739
18.587692	-5.7296343
-3.6841917	-24.174385
-6.179659	-7.1785264
3.2823105	-8.9908905
-7.530013	18.960735
13.813761	10.539902
21.064022	7.6726656
-9.293522	-23.649502
23.716066	8.687741
6.9454975	-12.154998
-10.4150095	3.2136478
-1.1245944	-27.086836
-0.67541987	-22.387274
23.279642	2.8321412
0.22741193	-7.8729305
17.11266	-4.324034
-7.8434467	-30.092558
-14.882354	10.66882
6.860859	16.1883
-6.4912124	-22.716385
-1.1633699	17.158375
9.663063	10.650995
-11.460169	13.279517
3.415791	16.253931
16.76661	-5.155271
4.8738647	2.2552915
20.229343	-4.9144716
13.39894	5.6841526
-0.8282882	-10.927726
-8.509337	7.5261235
-10.709347	-2.243439
27.431452	7.378739
-7.018212	8.705723
5.627127	-7.130299
-0.27291557	4.1851425
-14.184652	11.250411
-8.867583	12.533929
-8.2180605	-28.107964
-18.754955	17.913029
-3.5418715	-30.0589
-4.9977283	-28.826214
18.07034	-8.035523
2.5116415	-8.845675
1.8172939	2.5140362
1.0841178	-23.818382
-8.322554	-25.633904
-18.368982	-4.7325683
-13.41084	-3.763533
0.41001785	-26.797386
-18.935202	-3.9100304
-21.777136	8.755127
3.2566645	-22.721302
-8.223567	-22.218052
-16.892717	-6.234735
2.6075516	-23.246399
-4.631099	-24.48602
1.7566998	-20.39504
10.372719	11.001723
4.4179506	-9.489216
-9.32313	9.551681
-4.6377215	-5.3660307
-17.571503	7.607587
10.147589	21.239302
-10.635685	16.79213
2.993975	12.405632
-22.873823	-1.2352477
-6.124007	8.059574
-16.05971	-1.5768994
24.311981	6.811447
14.583682	5.273144
-10.423168	-1.617035
-3.6563148	-11.946815
-9.273661	-29.029287
-6.747044	-11.203548
-16.873379	5.3566236
-6.1449146	3.2365873
-2.756055	-8.943167
-16.13459	8.001313
20.11149	-4.3375125
-16.373579	7.3240585
5.216501	-12.865643
-12.008445	-11.213493
15.717781	-10.471133
0.8921913	9.233598
12.32572	13.354214
-0.8671937	-6.450546
-2.606778	-8.355093
-10.075406	6.9644995
-0.23079018	12.808091
9.207	-5.1294346
-13.086727	2.1357248
-4.8775387	0.27152342
-8.557725	-27.273005
-11.011396	8.994977
-9.1401	5.1256123
25.829802	8.717912
0.102184616	15.9199505
24.296022	7.736606
-6.949563	8.921886
-18.39316	-3.8651767
17.457062	-7.266341
-9.0723505	-24.35742
-21.634705	9.627745
-7.2783895	-23.117231
1.5610847	9.76641
4.2470384	5.6839204
-9.368656	-19.475838
-1.9845833	-19.48567
8.084855	0.7007296
-16.475971	8.28991
-11.818763	16.636328
8.317045	4.076063
17.621367	-9.488833
-10.367017	5.688987
23.579317	7.3881793
-22.647581	-0.98310935
9.594901	20.433018
18.251308	7.705867
6.362913	3.2930505
-10.3944	15.424759
-22.258266	10.154796
11.200442	13.388066
-2.544238	-22.125248
-19.809793	18.611189
-4.045437	-19.38145
-15.070101	-1.2127717
-12.586479	14.214777
11.074984	-2.5756755
5.6356864	-1.318455
5.822533	10.176691
-12.112866	-11.290261
-5.1864166	15.4470215
12.988383	7.3451924
-17.917809	18.098833
17.710497	-2.1272483
10.131527	7.179141
-20.458344	7.6588497
2.744271	-21.91498
-20.007227	3.3002303
7.113094	-12.842334
15.728361	-8.031768
22.37915	5.979079
-5.1058617	-12.129471
1.1946697	17.514065
8.78056	4.3823767
6.4352393	-11.704209
11.518238	14.018948
15.466908	1.224581
17.243711	-6.6744714
-5.634177	-2.8302994
-1.7066941	17.033552
0.12056838	13.1912985
9.989209	15.062383
18.492504	-4.226236
3.6334639	-10.818727
-18.659863	18.592428
-11.678704	-5.475233
1.3256378	-24.69695
-20.015251	17.33485
-11.074062	11.293385
9.90076	12.566097
-3.6970396	9.422596
0.7186806	2.2464194
-11.721348	7.283141
22.11028	7.1884823
6.8883424	14.405831
7.9143476	14.794366
23.506851	5.7906747
-4.3234158	-22.304464
28.656233	-0.78381705
27.634054	-0.10978457
-1.4118509	-6.0196767
-16.564299	10.314283
-18.734758	0.9811611
-17.676264	9.247876
-1.3834441	5.2402706
-9.824082	15.170032
-21.99063	5.315394
-3.6389742	-19.732536
8.609254	-9.550055
22.558588	9.106416
16.919903	-6.13688
-4.7890034	-27.96011
-23.65659	2.8648062
4.9164867	2.6353884
-5.2556496	-11.206425
1.2992961	-20.917719
-5.7888503	17.112041
20.653036	5.633089
-15.816863	-1.2105324
25.131157	5.1101456
15.675229	10.829239
27.558382	8.385137
20.870708	11.243618
6.004305	12.560752
-7.6982913	-27.286777
-2.5087116	-23.475126
-19.422132	15.898357
-19.863901	10.976382
14.552847	12.371725
24.313213	4.3708405
15.234546	6.8695536
-12.3684225	-4.534059
-9.656029	2.5167048
-0.26284817	-10.51436
8.775037	-9.989622
2.8584557	10.261731
-2.2644858	-24.211918
23.10922	8.290764
-7.0478954	0.87639815
-7.520661	18.040264
2.8323379	-24.366201
-2.921322	-9.718777
8.271863	12.886747
8.600566	3.3330863
-10.048501	12.003977
-14.279429	5.0930367
-8.32855	-7.898496
26.37473	4.377667
-7.142295	-29.137583
9.465814	20.648525
-4.2288275	2.1123242
0.19616248	2.7712736
23.661068	10.82149
9.1886015	-2.3919497
-1.7554379	-29.972534
-3.7790055	7.7276154
9.001652	14.598718
-8.762907	1.2333546
-3.2117608	-1.0167131
8.776414	1.6267833
9.083062	20.177515
15.481187	0.7290741
-19.36188	2.8517067
-15.184962	9.037741
-5.160596	-30.796705
-1.7733943	-25.402472
15.820442	-6.3634124
-6.187738	-32.02537
5.124014	-11.555066
-0.76233596	-8.215712
-17.38452	-6.288141
-8.611214	-2.4832935
-2.1835654	6.2940717
-4.195542	-21.860205
-2.6413283	12.70307
-9.519265	8.909191
-19.970879	0.7669291
-4.5774984	15.634956
-8.905885	-16.55343
15.449452	-4.786475
1.3897789	-4.2351418
7.365581	-13.828493
-12.918802	12.025103
25.357315	7.3114367
-18.564669	1.1643407
-21.47743	5.8523436
4.91061	-23.41939
-5.4385924	-30.310263
-19.485136	8.32789
-4.97479	-22.031677
21.424139	6.4355006
-8.749973	-16.53536
-1.5971141	-10.40436
15.318137	11.87521
-17.632765	6.118628
8.289121	-2.5531795
