9.33024	6.376718
-20.620064	-4.6767316
-25.773354	-6.4655347
0.7340743	-17.52741
-5.4573274	-10.679229
-18.901703	1.8794643
-13.867349	11.960154
0.05547835	17.265965
0.81203234	24.501196
-5.491558	-3.9600034
-3.9436169	-9.666753
-9.620096	3.1117685
23.169191	-5.540094
19.415712	-3.0116315
-19.788918	3.6757917
-15.027152	-9.06931
-7.859652	-12.671111
-18.978918	-7.8898015
-3.1369104	-1.7929784
-4.3620787	18.066452
-0.014585254	-1.7099282
2.7545636	11.666554
-3.6733284	-8.538111
13.247032	-15.297037
23.491096	-4.501771
3.6867669	-18.73057
8.389334	12.266129
17.006243	12.8749
-32.44574	-6.901813
-2.5184486	15.116081
-19.778824	14.949021
-3.8624136	21.911917
4.0916734	6.0776534
2.2076938	-18.68957
-11.006565	10.87123
-7.2749524	-13.010129
-4.345936	6.967581
0.8055087	4.441607
10.949844	9.961689
-5.8359747	-9.849928
8.6969185	-6.934506
-8.818646	3.966129
9.218425	10.337289
11.476514	-12.234865
3.4910467	19.501505
-14.550168	8.702586
-5.8283987	21.390034
22.716522	-16.148718
8.967607	4.71084
-2.8732486	10.576232
-17.596489	3.4367836
-29.840197	-6.040979
2.444357	20.650358
6.1946545	-8.333842
21.097458	-13.319025
-7.7229433	-1.7635628
-7.0228424	-1.8127525
5.853223	-6.515653
-10.15281	-2.6580787
3.0547473	5.9259133
-2.6402118	0.69639707
17.824556	10.151142
2.8483405	17.273872
19.471743	-6.064569
0.42055956	9.432467
17.596079	-7.131435
16.637976	-5.315384
-19.806948	13.884093
-13.775641	10.320673
6.3079476	11.329319
-20.462843	2.9749434
1.0269547	-7.3503346
-19.561256	7.985274
2.4283295	-10.800065
2.4994996	-16.028738
-12.633256	3.1311333
8.323181	0.7385968
2.5557292	-0.19462053
-16.349684	-6.137606
-16.586058	-14.834634
18.409592	-16.102804
9.954614	8.731352
-11.060451	-14.194272
-4.339831	13.479376
-7.134885	8.236913
-7.5910873	13.485157
-17.940752	2.4080093
6.171872	-17.0455
15.30647	-5.112228
21.338184	-7.250497
14.130176	-6.773928
-20.058966	0.7653666
6.515181	12.040282
-4.338703	14.319818
-11.591347	-15.009122
2.0576162	8.795374
19.658176	0.6035078
10.717996	10.746246
-0.1077906	-4.420562
-8.65349	14.947001
-4.757518	7.562547
-18.482115	0.2219289
-0.7856174	11.408915
10.319144	-11.287653
15.590917	-9.302985
1.0614057	11.405474
-0.10388562	1.8226855
-9.264436	-4.74715
-0.85356414	12.490045
-6.950334	-6.675762
24.709747	-14.6047
-9.339388	19.295784
18.91445	11.472896
2.538558	-14.553934
5.3468	-4.9455996
-31.978952	-6.2681255
-3.2216508	-23.69052
-18.416637	7.8803115
19.93015	11.312942
-15.575039	5.683974
24.651766	-4.5605574
5.280259	14.291457
-4.12086	-7.8111324
18.44708	-7.685146
-28.814795	-9.748029
16.190062	-6.3000784
14.093465	-10.774071
-20.721067	16.657972
8.508061	10.457198
8.019239	2.7652168
-16.619616	7.1991186
17.823961	12.934951
24.747173	-11.406666
-11.51507	19.121883
-9.450871	0.47351465
-18.22075	10.223267
-8.328035	-1.3253278
12.862873	-8.4175825
2.4158683	-6.345912
-15.057647	8.241049
10.016482	-3.2179277
-1.8784852	4.6028056
13.84243	13.069622
0.45501488	8.697201
2.3579586	3.0383735
-7.293704	8.286856
8.155827	-3.292499
1.1112953	0.1434452
26.41017	-10.163029
12.057623	3.5516355
11.494216	19.536936
-20.322414	1.6294644
11.321788	7.8861613
-17.248724	16.173843
24.423977	-5.9458165
-5.8623333	22.961319
-18.537226	-8.745119
0.13051337	-2.7602847
-10.590798	10.225849
7.479517	6.5679083
-6.9185805	12.591602
0.29387516	-17.00923
-14.797974	11.675908
-26.671478	-7.3835917
-16.960104	-13.714438
-6.912431	-3.3663325
11.079109	17.504227
-11.049114	-14.885311
-7.8841934	16.057455
7.3587685	-16.290348
-12.385709	-5.8923216
-4.2334533	-24.275566
-32.896805	-4.7132306
-4.318596	-24.657711
24.093021	-15.880948
-9.124841	0.74268913
-8.101251	1.3218544
16.18039	14.544243
18.31778	-4.5503197
-29.345057	-7.2334805
0.30070025	21.73026
20.199213	13.902786
15.707128	-9.823989
-4.3537188	21.088667
-0.426697	-1.169916
1.5374787	14.4073715
19.946732	13.179618
10.620094	18.327965
-17.775461	-10.364848
23.191244	-3.313129
7.735883	-0.8298387
-19.224298	3.0160105
-12.492795	-3.9157815
-30.624018	-9.042106
18.535776	-9.651882
8.925564	-8.223179
-9.863428	-18.59807
-19.810133	-11.797799
-14.641745	9.7145605
16.404146	2.6015522
20.064764	-0.98193413
12.194072	-0.047976047
18.757742	12.816618
-16.266542	-14.999242
15.739496	-12.004465
19.705173	-13.72857
13.548188	-15.673195
-27.688946	-2.3576963
-28.58088	-6.0441766
16.207428	-1.7009398
-9.675648	14.299731
-20.630535	-3.9927547
19.798975	-7.2349095
-2.7601788	-9.0752735
-15.243464	6.18241
-10.002438	-3.9465854
-14.973132	1.3869213
-29.965874	-7.8787613
5.726182	8.3985195
-28.16283	-10.246498
-5.5060897	14.142583
0.016153164	10.985598
-18.311785	-12.188437
-13.886805	-11.189495
5.0608616	-8.540269
-13.840352	-7.011668
-4.097834	5.3646517
3.36892	-9.81674
-11.467358	15.036518
-9.354506	-5.3038616
15.587242	-4.1316633
2.807882	-17.739824
23.374037	-5.8053885
21.838373	-5.1825833
-30.683987	-5.3738017
-9.57742	-17.94544
0.21902311	-10.261292
22.641235	-13.373678
17.797615	-4.8867207
0.7453646	23.793276
-10.814362	-12.883012
23.91731	-10.108521
-8.774545	-15.365685
-7.2569413	19.894495
21.573162	-14.986033
17.606537	-1.8337789
0.5838217	22.156963
23.609455	-14.984077
18.311184	-6.9687567
23.049463	-8.7119465
-14.450543	-5.495317
21.245691	12.889369
-13.197205	-8.148296
4.9247603	-2.4319918
-3.8492827	17.093996
-3.6435764	7.114523
-6.2756634	-2.2617579
-16.802855	0.09409211
26.997715	-12.750787
-14.835374	-7.301552
-12.83073	-15.635363
7.364289	-3.8459308
-3.854447	11.376027
-13.294065	-11.955269
5.0473223	-0.50371575
13.374991	-5.3493814
-16.275703	15.976069
-5.327973	15.412151
-20.64286	-6.178135
0.63372314	6.8995094
-1.1004956	16.495367
-27.693342	-9.808491
-2.7481196	14.368267
16.76086	11.610298
3.8855298	-17.25137
-24.29918	1.0369959
9.884546	18.628551
-15.700441	8.769016
3.698076	8.49217
1.339059	7.4301305
-17.890608	-9.776984
-19.630663	-6.79589
1.6510292	-6.353393
7.9920483	13.083535
19.635925	9.455283
17.507965	-3.5470037
-16.840244	-7.775719
-20.477741	-10.762572
7.490714	-7.316452
-18.614225	15.958087
10.626422	-10.207063
-14.437903	-6.799629
-6.359296	-16.451035
-30.524183	-6.108842
20.010612	-4.2949905
-7.884319	19.882715
19.599474	-6.5620294
-20.927233	5.5395956
-5.2144504	-5.7974887
12.625536	-7.625509
20.466534	-16.511467
7.433888	-1.6421725
-1.1627967	16.024923
-5.32296	-1.5399818
8.420903	9.761277
-28.211205	-7.639422
-17.542675	-11.98786
11.806612	-1.3376305
2.3088975	-3.0079458
-2.5803053	6.3615465
-6.535246	13.063489
9.395268	8.168627
-7.173566	-4.0310683
-3.4906106	1.0302376
-16.898905	8.237862
20.730333	-9.766642
3.1699378	-19.430267
11.853767	-12.845349
-11.680128	-16.08731
-10.980159	-1.369568
2.3598669	-5.064572
-1.6363693	-1.33311
-20.92097	3.0616827
-7.3868113	6.048518
-2.2728465	-6.673659
-8.465191	12.818777
1.7849174	-17.701708
-27.02259	-4.4113407
-5.793499	17.128265
-5.6527143	19.794563
23.364779	-13.015502
-0.36367217	20.332895
18.553003	13.575106
-32.70814	-6.222346
14.58558	-10.393275
2.1526146	1.4967048
-15.835125	15.935851
7.784654	9.219777
18.325901	12.043793
-17.13216	8.714683
-24.287827	-9.254118
-30.113726	-6.8884244
5.6159635	-0.6927328
-1.8818069	-8.7488
-11.361369	-1.0900285
-19.883526	9.521809
-27.56677	-6.1928067
15.143499	13.291137
3.1091316	-18.241968
-17.435389	-3.541255
25.075624	-13.655926
2.3651164	-19.883259
-12.119746	-3.809618
-12.734132	7.968535
-12.452041	3.5252352
2.6307232	-9.470834
-16.098959	-9.675942
1.7953879	4.2469873
-20.51913	6.635841
-18.947598	8.247477
10.87954	-4.005624
10.456384	-6.8846927
-3.7041998	-24.451378
-4.8487496	-25.01841
7.7532244	-15.9719305
-9.348442	15.029983
2.9496636	19.138832
-2.3869202	18.840305
-5.9727473	-16.543673
-6.503315	-4.822561
-1.7758653	21.136871
19.786873	-14.795675
21.260723	10.406999
4.52165	10.965416
-30.794409	-7.081798
15.90729	-8.40425
-20.238138	16.043785
5.2480383	8.616191
1.587135	0.864476
21.650913	-14.205463
-6.249431	-7.268373
-31.409292	-3.961765
-12.30405	-16.069916
8.714856	-2.7695665
-13.535607	10.582
5.4300237	-8.622375
-0.8771534	9.150332
-19.144506	4.301122
16.788275	-3.5204685
19.698008	-10.586638
-5.4320498	-13.286179
-10.1512165	18.932766
-12.239555	10.784992
8.824061	-0.6916163
-6.7950273	9.08299
-17.02641	-4.5283475
-8.079634	22.20208
-1.6465383	9.777177
21.001827	9.519383
-17.294277	2.5535588
18.888824	-11.026564
12.3927555	0.38038978
4.535147	-10.725281
-19.78985	-12.343825
24.156086	-14.422469
0.28529388	6.180505
7.02974	5.2345138
10.395004	7.0780926
-10.828225	-5.469773
4.386644	15.273717
24.785141	-17.271772
-20.58899	-2.935348
15.44633	-3.3652277
-3.0655913	6.040586
12.798564	-15.354991
1.9522542	-11.023344
4.7487645	-18.149801
1.0876405	-3.519505
24.238825	-7.474343
-14.213376	-3.2826886
-19.239939	10.073876
10.474559	17.48648
18.479206	-15.745271
8.315005	1.8392128
-2.3257458	5.7316074
-24.649826	-9.120774
0.21360481	19.327118
1.1097456	14.379243
23.555737	-3.4497252
17.752878	-11.427659
-31.701149	-7.8217025
16.107569	-0.5113012
17.515577	13.881933
1.748781	10.315064
1.0805227	23.100718
-15.421265	-10.786164
-16.084606	0.47330242
20.62109	-11.663336
-6.5481863	-10.487569
-13.253555	-8.658037
2.874914	20.710968
-1.5080614	-7.3656464
9.2785425	1.9095714
-29.560993	-4.5594044
7.1231546	6.36109
17.696445	12.038461
-11.313364	15.9797325
10.285954	-7.727653
2.5708723	18.755466
-4.334494	20.354738
25.110855	-15.12411
22.699024	-3.9698899
-5.862116	18.641628
11.73326	-7.415774
-0.34919706	1.9851277
15.828421	3.3262043
-1.0404099	10.776442
-12.616198	9.891238
-3.9426455	15.442331
0.46974248	-2.4008594
