5.23936	-0.05893825
8.564009	-6.3715816
4.125029	7.456093
-3.1464558	-23.264503
9.479928	14.328307
7.901766	17.536392
-1.1121973	3.2360911
-7.6197023	-9.104248
-13.104593	-13.186621
4.5821967	12.192072
-2.3558538	-18.926495
-2.3796809	-19.686605
-6.2820005	6.208437
10.981996	-11.664962
6.908283	17.693892
-10.603379	13.148997
-15.312729	-16.5471
-12.739209	12.312879
1.6012549	-5.5006204
-6.003633	-7.3259435
19.846537	4.649286
12.863297	13.587767
9.44064	5.7697725
5.330956	3.2311924
-5.946799	7.8431244
-2.7918937	-25.816257
1.8280702	-12.180338
9.718409	-20.450033
18.89442	11.692884
-8.373878	-4.0686007
9.124265	1.9156959
-5.874569	-14.671267
-7.6630974	-0.3949763
-3.9755917	-26.094881
-4.705717	1.6392043
-14.642854	-15.6087
13.244538	-12.336575
-15.802954	14.295924
3.4768624	-3.4636326
9.695177	15.653025
15.589762	1.3852651
-2.5591085	-22.181118
4.322645	-2.1257234
-17.190508	10.430297
-2.6391537	-12.849287
-7.3771734	2.6549492
-5.7316957	-9.061857
-24.146248	-12.030043
3.5045109	-2.281871
15.438186	-8.493759
10.227009	17.640545
2.551175	-20.276463
-4.5276184	-11.526838
20.88619	11.886215
-18.537699	-9.58215
1.2919747	9.961776
0.9573205	8.8468685
15.430188	13.833969
-1.0127319	11.09387
-8.016321	-1.6042296
0.8512726	1.3014138
10.3263235	-23.173052
-17.783007	-2.37093
-4.3843117	-0.68840706
16.93035	-10.3642235
8.331812	-15.820983
-13.486523	-10.267245
9.456548	9.982476
-10.8191805	2.6100047
16.05564	-12.9280405
8.318526	19.340328
19.755901	11.664624
10.364681	-7.315174
-0.97104937	-14.255957
-4.410322	-23.658768
1.8593003	16.30122
6.0218196	2.196466
18.296837	-0.37599275
-5.9787307	12.8994875
-15.622452	6.2951145
1.1441252	22.026594
4.091401	-0.80967367
-9.616891	-15.224462
-9.111156	-3.4909673
-10.537106	-0.92723733
-9.602071	-2.1214392
10.210363	18.150827
-9.721103	-22.294476
-17.077488	9.354502
-15.2761	1.7981893
-18.61071	11.943307
9.750819	19.160648
-18.771742	1.5382587
-8.746084	-4.6947427
-9.0607	-16.296299
18.4948	-11.1964
5.960727	-18.86013
4.034828	-4.3263974
-12.264078	19.157295
-3.0622535	-0.8088606
12.0094385	-12.779417
6.309459	19.416897
17.721912	-7.296112
9.859565	-0.6099047
12.681423	5.9715276
13.7567005	13.488703
13.093203	9.414421
2.5531344	11.280587
4.61415	-6.009336
6.659482	7.8981414
-22.450895	-12.779044
0.015197106	-6.4332733
8.657725	-22.341629
-7.211565	-22.352482
17.218214	5.0930777
16.248602	9.045345
22.341322	18.599426
0.83828026	2.4297895
7.2569194	-22.522709
-17.553669	12.169089
-15.436185	2.7169359
-18.507738	-0.50884664
8.662503	6.4836597
8.462575	-14.2759695
12.565856	0.7140309
-20.716528	-1.9859763
-2.2758262	19.76983
8.26363	-0.6194695
5.0924034	-2.041056
3.4660382	0.67546123
0.59452826	5.342016
9.080131	-20.890234
-20.324888	-10.797544
-5.725923	21.07364
2.1609719	9.008442
-0.8530886	4.394831
0.6912345	7.252829
-8.088482	-24.927555
18.083128	9.575459
-7.3530755	3.5301957
22.136671	7.841738
-0.5415351	-0.7612633
1.2352731	-2.1101608
16.655746	-10.961904
-11.1632395	-5.3224216
-10.819306	-0.5865247
22.348326	6.762002
17.543255	0.519556
-16.033306	0.18833835
7.9004583	-3.2022197
2.7782502	-9.002645
8.768705	19.354958
1.8598938	-3.1953459
11.472427	2.6706982
-5.0496783	5.1057863
-3.4544952	-9.895337
-12.268776	11.672689
19.015081	7.970172
-3.4556832	5.063185
6.5341396	-3.1869407
-11.435479	-3.0703135
-2.5036156	-20.588829
-12.263352	1.2155727
-8.954818	12.5522375
-15.576861	7.4161787
4.0808873	9.690971
2.3777635	-10.931111
-10.265907	-15.951724
-6.5136037	-1.954661
-10.526588	-21.992605
-0.36608827	13.808589
23.57091	18.890633
16.40413	7.1597443
23.321253	18.593596
-23.252325	-12.904949
2.0137787	8.333338
13.492467	-5.660324
12.321772	-21.671907
11.58216	-13.447369
13.125757	-0.025482077
-6.281348	-12.142717
9.236103	-24.582663
13.736904	6.6361575
-6.1232257	-10.281293
20.056871	3.2930882
-4.2400627	4.940168
8.906822	-23.983292
2.9056904	-9.976653
-13.578371	10.071853
-7.133252	8.909446
20.056664	2.1235862
7.8568935	16.852184
4.3185434	8.239485
9.331997	-0.7474951
-18.017763	5.915301
-3.1783023	20.38121
7.6509132	-16.0304
4.4966908	14.843197
-10.525571	1.7370471
-9.692846	-4.4257965
5.446084	-11.672064
-20.322052	1.6863985
9.5608635	-22.33987
-13.417822	5.838401
-12.667492	17.882027
-2.4403064	-14.481279
-13.604403	15.856733
17.222363	-11.38395
12.02532	-10.023789
-8.642853	7.9969964
-5.6030726	-0.21645606
8.926248	-6.8876643
-2.742344	15.920469
10.531091	4.0653276
-16.73162	13.805979
1.0465236	12.2564335
-1.1893367	-4.1816955
15.397015	-1.4918855
-8.191718	18.257381
11.732813	-2.7049778
-7.9609966	-3.7149723
17.033216	-8.060492
-13.18393	8.066358
-8.342778	12.486806
9.409235	9.572871
-4.7024646	13.336053
12.04115	-15.741981
3.6708713	19.234755
-2.4447694	9.9393
2.8644087	9.353165
-3.2893372	6.3899646
-4.0081515	-25.41458
-5.6361775	6.4705057
-14.042295	-7.895167
-5.955949	-3.4386141
-12.69149	16.35914
-18.759235	-6.175442
-20.945587	-12.722851
11.398695	-14.548504
-11.6604395	-12.397393
-7.343564	12.408583
-19.089499	-11.958306
3.1327894	22.99878
-1.3802186	-8.160157
-23.014572	-11.300459
-2.2151015	-3.6544566
-13.41469	-14.579328
-22.34142	-10.662539
-2.4791496	-0.15547116
-22.120037	-7.811185
-17.539045	13.382384
7.6375966	-25.059616
-3.1702535	13.44897
19.153528	3.3541048
-7.3515086	-5.656786
13.483269	-12.893307
1.5249373	11.713331
2.6373005	20.299313
-16.471539	-4.517985
-5.9650264	14.104552
-8.243917	-15.300739
20.376265	7.3331437
-3.7579136	-3.1264672
-10.715283	-13.470141
16.499804	-0.33429986
-9.6194515	7.6543274
12.25671	-2.0807855
-7.9673557	-7.7930307
3.1077657	5.6345286
16.791426	-3.8158205
-6.014501	-4.666647
11.007822	-4.170367
-7.594093	-4.491633
10.661077	-18.992918
-7.4997435	-23.639084
-11.502866	-7.2075667
4.895089	-9.958747
-0.18817501	4.014595
-8.051896	15.597604
15.860131	-2.606308
-13.174848	10.595491
6.343415	10.951344
17.77292	10.345849
1.0448391	-11.398297
6.7705564	-20.060873
8.418441	-10.330368
-10.628095	11.985458
-13.093089	6.442378
17.730906	12.253466
9.65021	2.2046287
-5.0659766	17.85729
-4.8415947	12.890535
3.1203065	22.005013
-16.525248	-10.150897
6.208835	-12.211713
-0.40454137	-7.824745
13.002701	-6.172889
12.466773	20.282774
-18.197838	-8.720415
-7.114385	-26.330015
0.84950775	22.924965
20.297506	4.160525
-6.2119255	-5.0894
-5.8218546	19.016834
5.331413	-1.2421534
7.479362	20.680323
-14.213404	8.350202
-21.003633	2.4057279
-16.73433	-4.0385904
14.0796585	-14.176275
-9.817695	-2.979303
-15.369241	16.619703
-2.0303068	13.686706
0.31023988	-8.260146
1.5020787	4.593096
-12.573347	0.3734322
-3.5308397	-26.649439
-18.59529	7.0474606
-9.055183	-16.579567
12.817149	3.8483822
17.653173	3.4128585
18.259218	2.3166392
8.873538	20.192265
-7.506875	-24.26669
10.806659	7.238198
-12.044592	-2.7340808
-3.5351682	-24.233873
11.917066	-10.707189
-9.045717	-7.9105043
-3.812472	-8.853229
-21.51626	-10.864963
-7.120517	-11.521933
9.633673	-21.315958
16.44181	9.214118
-1.4774613	19.324932
15.312216	3.429915
12.227875	1.5864621
6.140807	-1.5068622
8.328127	-21.736397
0.5096511	3.8444872
-9.802821	4.7431417
2.4860723	-20.767025
6.886928	2.540273
10.024698	4.489374
7.225119	10.976424
1.8108336	3.4428058
3.5546381	-15.095665
5.4770412	-22.202402
-3.29211	-25.288841
3.4120214	-15.303861
-20.56333	-13.577775
-4.1108565	-27.271196
0.28027287	13.745954
13.250821	6.506159
-4.486721	-17.3681
19.526733	8.485426
-11.348275	12.953669
-14.333962	1.3552651
8.526552	-8.3503
10.564635	-7.6852875
-15.590379	16.157984
16.219988	10.57398
22.835426	18.211758
24.032095	18.668858
-11.192986	-21.701899
-4.0779905	-1.6696705
-2.8861017	-11.907086
-4.3435993	-5.6659217
2.7337215	21.105253
3.467821	11.518993
-10.065845	-10.831306
2.4858363	-17.550974
7.8400846	-23.47283
-18.968681	2.527482
-11.811791	-20.58963
-0.4011579	7.2228127
-5.3811116	-14.995712
-8.690694	18.206087
15.880385	3.4570732
-22.14049	-8.238084
7.3318076	7.383736
0.44728246	18.647268
-8.230873	-15.641088
22.339762	5.984809
-10.850553	2.626565
13.4495735	19.022343
15.552568	-9.934145
6.992882	16.43562
8.146818	-9.82594
-12.983483	-2.3091202
-6.3673778	-27.004345
0.91484076	-5.902327
-7.132266	1.9948959
0.72091645	-14.951853
-9.458505	-0.89529496
4.437028	-14.666226
-12.828688	-8.835425
15.765373	-9.205894
6.9988494	-24.210312
11.911835	19.498962
-13.924525	-4.1733446
-19.997047	1.0489224
-6.947994	-12.625814
5.594433	8.8503475
-22.119177	-12.216269
16.876429	-4.781878
5.7332954	-4.1499615
2.5629854	-0.8397665
-0.13399532	12.562796
-15.704173	6.4701037
-22.713573	-14.910574
11.124653	-2.8637443
-6.8524733	8.4337015
13.603827	-14.458113
-9.115605	17.485313
-0.48855734	-14.884983
-8.22114	-22.663761
18.541626	5.957912
-13.522409	-1.8667502
1.1435683	15.345069
-20.834661	0.026648281
4.2988195	-11.0479965
12.122822	13.524004
3.7826076	0.4903705
14.153895	-14.9804945
-9.344358	5.4344935
-7.4091697	-10.457536
-4.6510696	3.793783
-6.540446	9.1313
-15.279494	13.722112
20.694534	9.73586
-8.346417	10.1519
10.489379	-21.254524
18.23882	-10.031606
-13.365166	-13.818487
-10.380644	10.40393
2.4821205	18.45937
-16.93488	-14.012548
10.707429	16.374271
-12.151854	8.828909
-3.8771856	-11.761833
9.689447	7.2708635
-6.601985	20.535856
5.356103	16.154192
6.9117584	-3.2259476
8.454392	-20.324213
-1.4845395	10.890494
21.678196	8.604394
-2.8003135	-11.224289
-9.398778	-10.42595
-22.624792	-13.411959
-5.7642717	9.146845
-5.345939	-7.4391136
-16.213205	-14.515542
11.405111	10.078313
-6.754938	19.434347
17.91622	-7.249193
-7.370682	1.4532559
-9.143883	-5.9722013
18.266445	6.5739594
