-14.42695	40.070877
3.8948507	-19.34747
-30.601255	-35.62818
15.65837	-24.67801
-22.263115	12.234028
21.341755	13.508325
-12.479503	4.7956204
-29.282791	1.1693274
19.586512	-0.4417095
-35.72969	4.515378
-11.314622	13.9354315
12.014775	-18.705172
-0.95582485	40.848553
2.4728189	-26.799015
21.36343	12.455185
1.4001687	24.103588
-26.59739	-20.471148
18.667757	-13.77094
30.739887	21.892439
19.183401	-15.6289215
19.16363	22.582785
-24.518032	17.165272
-15.211484	-10.143386
-19.190395	10.536391
0.75577116	40.32364
-18.200945	-25.999168
2.1760828	-14.903564
17.086405	-30.270716
14.072049	16.421421
35.79019	-5.1919417
-28.234632	30.618402
30.955502	5.1548862
-12.971331	25.006128
-19.381866	-24.079617
-22.290575	4.5756664
-15.628979	-7.3451147
-4.3779984	-28.267122
-9.282055	31.871239
36.58428	0.6289113
-25.60238	11.010692
-13.255242	-43.678856
10.298739	-20.170828
-27.409899	36.416203
-28.26142	-1.213133
-12.581918	-7.626509
-9.812986	6.8755684
28.691895	9.490619
-34.636944	-30.499022
29.623774	18.01571
10.594213	-26.022388
21.185097	32.580887
16.717968	-26.721235
20.792665	-2.7831538
44.34272	7.006925
-31.870453	-33.165077
7.867673	-8.684078
30.408842	-2.6434805
-4.9481087	32.905216
38.203518	-0.7940659
15.558117	-6.4030094
-17.185692	-0.096739516
0.19163236	1.0666
-26.16204	-10.117517
-46.367046	20.30017
-4.638562	-27.366003
11.173641	0.8436517
18.738266	7.0742445
-28.880066	30.348162
47.828777	-11.694967
-4.9607453	-33.96549
19.691036	37.28125
-45.34093	20.614649
2.4209511	-25.698202
-13.914011	18.250868
-27.84176	-23.10576
41.375896	-9.036487
-18.682627	11.1518135
35.107697	24.18686
-38.329647	15.528458
-17.744892	-6.9996347
-24.328384	19.884861
-16.220484	34.52547
11.993103	33.76554
41.50299	-5.5985136
31.079927	-15.763654
36.54724	-11.26335
21.566978	33.2611
-45.509808	-4.0413013
31.046524	18.470901
-33.180088	11.361023
-26.696465	-5.0515447
20.581923	35.701447
-8.347069	-35.89827
39.904823	-8.183723
10.837237	38.01737
-11.032268	-32.861145
14.263648	-37.205997
-34.497322	37.624172
13.69576	14.06005
10.8201475	-1.3453991
-5.1888223	-22.188831
26.141445	-13.674305
9.253506	-16.999046
-23.605553	36.423492
34.314457	31.969086
-20.936342	-10.670433
12.310657	-0.03589698
40.53801	5.828912
23.173983	30.706062
36.3692	-16.532299
-35.823734	-28.253061
31.244087	10.501872
16.529875	-37.397984
-11.693661	14.98781
6.861622	18.041588
-2.593066	-2.5686257
16.689949	-51.797646
-16.192984	1.9132813
-14.004113	40.640312
-27.156906	3.2921026
-32.858463	9.407153
-29.356833	-8.892259
-7.7947373	-8.871648
11.076893	3.3389406
15.419903	-15.273016
-15.315968	-20.926338
4.3458757	29.679998
-24.72483	33.341167
-25.289406	36.384556
6.3040757	19.63664
-11.072398	1.7669045
-18.414007	-29.950014
-37.209347	-31.6371
9.5976	-6.1988416
28.4838	-20.919563
-13.294008	4.0142856
-11.088891	0.22743349
-11.7615795	15.949935
8.410197	16.849903
-9.456476	7.637554
7.487733	27.835026
-30.634813	34.493862
34.752945	25.715425
-3.9014003	-30.271246
38.208153	-6.9044423
30.717737	-16.498217
8.26168	26.753338
28.713236	21.689547
-34.550858	4.411826
0.22855604	-40.968735
26.537697	6.8070493
19.453962	36.223824
30.8086	14.182808
2.0202036	-17.648682
10.325755	36.865536
23.610945	29.433687
-32.62495	-27.284706
9.741815	17.990791
-21.204813	4.960195
-33.896404	36.793327
5.3723054	2.5227523
17.834234	-21.82691
-33.194664	21.948158
1.6194648	43.574444
34.384125	17.432531
-5.1134934	9.51169
12.703221	-17.210917
-30.24146	10.383822
-12.667784	-44.26024
-45.901398	-3.404732
0.67489797	25.155043
16.19613	-53.987206
14.780182	-4.722817
15.843119	-52.946568
-34.245125	-27.848892
28.104095	-21.452118
26.336	-28.719456
32.7061	5.530156
-7.3953953	-18.70644
-13.678681	30.89059
8.45031	-37.71118
2.3918362	-1.7645168
31.22321	31.30364
28.912266	5.2686734
26.094875	24.101603
19.065163	38.74739
0.59748316	-1.4208388
14.734845	-20.155832
-35.431152	-12.991596
3.8280144	41.021614
0.9561696	26.81564
19.845211	12.470685
-35.766994	-5.0572124
-24.387848	35.440617
-31.743366	-8.257424
20.952154	-21.776136
-5.1100492	-8.718281
-17.58978	-16.52689
-3.337901	-3.4006557
37.605015	-6.168245
5.774803	-32.36898
5.183685	28.486826
-2.197475	-4.426031
-19.85191	-21.568712
33.35983	-8.903327
-31.24575	-34.222504
31.251179	38.29822
-4.094476	-32.023678
6.113514	-28.58285
36.538998	-24.381542
40.762623	4.210361
3.1827166	-18.954386
-34.03818	6.4027433
-31.678577	13.688462
-12.389234	32.19723
7.3152146	12.495405
11.105543	-23.029062
-28.735746	-32.86617
-5.6983795	22.924467
19.11091	-12.549927
42.30786	-4.9126835
12.95728	-25.719599
-23.799776	-13.928991
7.7354136	35.66493
-33.80115	18.743689
-36.2247	15.59469
5.2670794	-30.697395
-29.381836	28.090155
40.329014	1.8350955
7.559148	3.041856
25.385458	-6.2914896
-20.520124	-25.329628
1.2958766	39.53101
-32.037434	33.745857
-36.470734	-20.6527
19.150322	39.897022
-27.001637	-21.085867
-41.24088	-30.379992
-15.2977915	-19.255283
24.825264	-2.747758
-8.0914755	-17.702744
-3.3543692	18.043615
-13.901861	-15.5774765
17.032278	-14.5532465
-39.0072	-28.84244
8.538117	-23.658684
0.5061083	-13.381995
-38.017612	-27.852934
10.32481	1.8255415
-33.369465	33.100574
-42.292892	1.2514452
-0.3497395	-2.277634
1.7620128	8.981382
27.496109	20.796541
44.81908	-3.3409493
-5.9767904	-27.52708
5.5228496	15.310287
26.030048	-12.527146
-29.370771	-7.78118
-35.19053	16.790962
-5.704819	-34.871777
13.052382	20.893885
10.697315	-14.610913
13.302563	34.287407
8.029475	-7.4264894
35.68088	-23.985918
37.994232	30.759165
-4.631163	-3.035494
7.5783753	-10.073198
-17.077555	-10.716471
11.016083	33.92536
38.58589	30.187296
21.416964	-15.205151
2.887063	-28.429155
-11.2939205	19.14664
45.49705	-2.5996313
19.240093	-21.103703
-11.049709	2.7926188
-13.978581	-33.34106
-1.9257938	-31.532234
-36.073338	-13.464724
-31.611094	24.791124
7.758802	15.937735
1.5059642	-14.610627
15.213486	-37.146427
5.2478867	-37.88592
35.154697	-12.076627
-21.71721	13.166154
12.976367	22.034655
-17.539927	-31.738457
12.545749	26.79519
-35.871407	14.096571
14.581658	8.983529
-27.643885	-26.1482
-0.28426072	-40.55783
26.747326	3.987822
25.666348	-29.475534
20.713697	-17.338558
33.864902	-33.15769
-15.028664	-8.524521
-29.909563	25.851597
18.34887	23.56184
13.877132	12.775435
14.101279	-1.148474
-42.4513	0.5505
15.580161	36.237316
-27.917124	-10.405596
6.7189374	27.650852
-35.084667	-4.861638
-6.0470357	-29.575918
38.16149	-10.064498
-5.516621	29.85083
43.0805	6.2944345
-24.554003	-0.8699676
-7.76756	3.2063513
-32.43409	14.437185
-18.48865	-23.285149
-31.272545	-2.5593565
10.908427	39.987934
39.21148	7.256436
27.645805	23.762506
28.045233	19.67134
17.629099	36.729122
-14.327892	15.5363455
19.927307	21.0772
3.0299327	5.543336
-21.090181	-26.836334
5.9284577	-27.567554
25.388653	-7.3121886
29.8347	13.758837
-39.3459	-29.871422
8.443223	-36.856068
17.79404	-32.96725
6.5239496	10.2995825
-5.9603815	9.798784
8.135611	-6.2338033
15.707872	-18.524984
-16.850779	-32.31767
23.261171	-3.0785904
-9.472329	3.4710925
-13.764074	32.88592
-23.704243	-26.380907
35.07938	23.072582
-32.75074	19.159739
-32.25159	24.165768
-35.842274	-19.329062
-17.786835	24.059008
12.250607	-13.501025
-19.013945	-26.417398
-23.883978	20.800268
-27.4937	-33.124317
-15.844163	-18.21486
39.962193	-2.457203
32.716095	32.60942
46.48416	-10.128898
13.996004	26.597712
8.508569	20.914186
-34.17014	12.251938
23.86837	8.289618
2.8249838	-24.448893
-5.73043	29.163612
1.3850062	10.087146
14.934174	-51.98684
15.033632	-53.95958
-47.099236	-3.1691928
23.182598	2.881695
-19.526367	-9.94809
4.57646	-38.21389
14.973218	8.226575
2.446659	16.562212
14.275523	11.282598
-32.461964	-3.2318735
0.5605775	22.370384
-9.205208	-25.29142
-46.871906	-5.036712
37.716892	-25.011616
32.62106	3.7492473
-8.894668	21.200552
28.105274	24.87075
-39.257347	-33.13271
-36.187824	-34.71306
5.3566513	1.3916345
-15.344289	18.734392
10.527751	25.647509
47.071785	-11.710779
33.93985	-32.35797
-0.124303885	-26.490005
23.053345	10.628995
24.828838	8.448288
2.53083	6.5889554
-20.54039	-7.253831
24.360474	3.1600356
-10.52883	5.845399
-16.746294	24.247517
16.405083	-7.7442927
-4.9749513	-21.290255
30.200151	10.210208
9.761414	-24.790998
31.902206	36.112362
22.802097	-17.133928
3.4841497	-3.1036594
-32.065998	-16.713316
7.0977135	-35.4713
-19.5615	-15.684226
-36.89066	-29.394188
27.286703	-27.681448
-26.80923	38.006535
-1.628213	32.17531
0.82995033	7.403181
-23.155628	-14.217043
-36.828217	-22.52821
41.41919	-7.155221
4.986374	41.269833
-7.0745487	-28.745708
-6.0345473	23.835798
-10.302401	17.760572
-10.028888	19.388193
7.6285405	11.137256
35.77516	-16.36112
45.426487	-12.796333
-33.920788	-16.930845
13.952742	-20.55157
-24.327188	17.86168
-5.8716307	31.53828
-8.400928	-29.267307
-14.742024	33.730003
-28.781702	-0.5456418
4.7625103	16.931614
4.979361	39.966797
-10.323993	31.384102
16.245502	25.82498
2.3255012	41.678703
-26.056864	-26.910658
-9.305514	-35.778404
20.14886	-1.3275101
28.686274	15.915015
25.075134	-12.944584
-28.991224	-23.377768
-24.15747	11.790451
-28.487232	-11.949358
-13.666747	-9.922842
-9.591121	-16.386072
-13.738396	25.044022
17.752583	6.9853992
-29.001184	35.265137
17.425364	-32.053303
34.681377	-1.4787589
17.082241	24.947477
-19.426083	-7.830253
26.596508	-1.9245675
-35.89001	-26.98256
3.4381053	22.399862
28.986856	-1.4149691
-28.332136	10.386576
1.5969752	2.144174
-3.3627548	18.74973
8.491411	-17.609348
32.948174	33.609924
-25.985064	-0.9500192
7.9634337	9.659463
