-31.442604	-20.95503
30.97585	14.585465
11.04788	-47.18504
31.792578	-19.231838
-59.15924	-1.5837185
7.572058	45.865246
-28.420996	-19.725842
-5.783321	-24.86667
24.748888	27.282635
-25.10987	-18.59088
23.562857	-32.655384
37.468872	-11.258307
-6.568013	30.078745
14.732774	43.74185
27.851915	19.810751
-30.072527	13.17344
-1.7035097	41.138714
9.158594	45.560593
-59.299118	-2.4573677
29.912115	-21.663074
-29.290493	12.883908
23.640202	-32.494347
-4.1585565	-29.355444
-3.469624	-33.050232
-5.719546	34.00475
27.350973	-25.395039
43.23291	-1.9721413
14.705639	-44.707825
-6.8209505	27.348524
-35.542484	-21.811926
43.01119	-2.2898607
19.49265	39.212086
-10.824022	14.744958
24.55579	-30.85764
-14.286611	12.327842
29.743734	-22.196173
24.097458	29.994642
-50.56888	12.290639
-59.4754	-7.029422
27.862541	-24.652815
-57.700283	2.8688412
11.423439	45.209534
9.784343	45.456276
28.52651	-24.089266
27.561762	-25.843472
-42.858864	-21.60916
42.16518	0.6683376
-5.9733214	-24.348429
-10.880357	15.494638
39.389263	5.431108
10.79875	45.184814
12.902184	-46.62032
35.841038	-13.285985
1.292725	44.227768
2.699744	-47.964397
-43.605286	-22.037203
-38.845947	15.797656
-57.33758	3.8371289
-34.831936	14.872495
-32.39472	-21.220167
7.818965	-47.968224
-5.4357276	-25.88858
39.293053	5.5663533
-5.2199707	34.5174
26.024557	24.096493
-23.719633	11.22767
23.612127	31.17937
-6.9062304	28.545378
-58.913597	0.06664722
36.93912	-12.489106
6.3820786	45.7699
-59.506996	-6.777536
41.563103	1.9964261
36.094864	9.226283
12.017088	-46.405582
10.756858	45.24732
-26.54103	-19.188269
-24.66732	11.196523
-59.54065	-6.25744
30.339508	-21.324371
36.561478	-12.340467
-14.5922575	12.173841
-1.4926906	41.360264
-6.650345	29.233383
-6.3478475	30.332565
-49.188515	13.450672
22.69985	33.639946
27.586706	-24.933884
-5.3311987	35.642277
-6.420082	28.772911
25.067812	-29.922148
19.932285	38.765266
37.03241	-11.975909
-43.732056	-21.892479
16.204723	42.872204
25.461767	25.071096
11.344313	-46.829544
28.400305	18.703793
-22.705877	11.08659
-6.276644	29.921356
33.808636	11.569001
15.126114	43.41417
24.589632	28.39273
24.716917	28.071379
-32.193844	-21.168446
19.69407	-39.037666
-52.470356	10.603994
-54.478676	8.322164
25.1249	27.417938
-20.189363	-17.250605
2.112648	-48.111076
-4.3731303	-29.60479
-7.139478	-22.245525
22.435009	-34.389874
-27.398952	12.233324
-39.06619	-22.112411
7.9162183	45.72276
-10.3211155	-19.139965
-6.454546	-23.277887
7.403271	45.55313
-7.399717	22.412155
-2.4526744	-36.39349
-20.615667	-17.346573
-16.943048	11.088833
22.16373	-35.134426
43.123234	-1.3715885
-4.545243	-28.160082
-7.996581	21.3592
25.980486	24.790804
-56.80585	4.3799963
-7.394913	-21.482544
18.003073	-41.71257
3.1017277	-48.014507
-35.257847	15.015718
-30.502178	13.320217
12.8382435	-46.254078
37.87634	6.8613853
30.558355	15.616709
-57.307114	3.7314665
-59.260986	-3.3445075
-10.808667	-18.77235
-7.937345	22.324831
-5.447287	34.117355
19.564281	39.07829
-49.81879	12.675506
-16.738644	11.365628
-11.178912	15.10533
-26.995647	12.108085
-4.316264	-28.737656
38.2423	6.5155015
24.778767	27.67786
16.757664	42.561813
20.806559	-37.34518
30.241323	-21.708466
-3.0069036	39.468105
36.276634	-13.440481
-59.46145	-3.0539677
-37.23824	15.280618
-24.586174	11.700654
-10.296465	15.277
-28.794144	-20.153004
42.343704	0.23496279
-29.207296	-20.225891
-21.022999	10.948731
29.697496	15.955527
-34.739895	-21.705404
23.17833	-33.327927
-7.4229493	23.41829
-59.52276	-5.7944965
34.907524	-14.957914
-48.59781	13.596647
1.8157667	43.93515
-26.150866	-19.180193
2.3495328	44.431034
-2.7304995	-35.94888
-34.539597	14.781833
-32.51174	14.057066
-3.5145357	-32.922894
1.8050785	44.385273
-3.732932	-32.074196
35.71229	9.831265
-26.57881	-19.355051
-52.899357	10.34732
34.572872	-15.400165
-22.489668	11.074968
-5.0565	35.686188
-16.747015	-16.918278
37.708324	7.461992
-25.230354	-19.090477
-3.9731348	37.89716
-29.15342	12.826909
-7.3872075	22.914682
4.24892	-48.15824
25.09665	26.850103
-4.850944	-27.54257
23.254187	31.880089
-41.947388	-22.038261
-2.4066057	-36.523605
-39.232197	-22.124641
-28.24712	12.51352
20.908312	37.265015
30.013025	-22.010832
-4.9715915	-27.91622
31.95961	-19.002811
-15.990242	-16.950275
18.25309	-41.386765
-14.746185	-17.097914
26.135242	23.874846
34.652527	10.70338
-6.0245667	32.215424
-38.33548	15.605728
31.864414	13.592765
-1.7298793	41.11299
-13.356356	-17.283485
-7.8774543	-21.21409
-37.33418	15.839032
34.351643	11.005423
21.652618	-35.957474
-58.866375	-0.63188267
14.612403	43.540913
-3.4625409	38.837124
42.620556	-0.39810374
-33.776615	-21.525118
-24.970835	11.468779
-33.83985	14.411264
-25.447823	11.664143
17.143103	41.76699
-4.843378	-28.710112
-22.998093	11.15033
-59.077213	-0.78255475
0.8198488	43.629787
19.158884	-39.795815
-6.9862037	27.639711
27.90885	19.695312
27.144346	-26.275812
-10.551596	14.831559
17.677929	-41.2242
-3.096537	-34.60246
16.656738	41.967037
40.824417	3.3322322
-16.280897	11.461772
-3.5462735	-32.8236
9.905557	-47.544308
35.430264	-14.254797
-2.5456493	-35.79008
11.69273	44.99047
38.732395	6.3347197
5.0717254	-48.199078
-11.537915	14.350068
-4.657555	-29.387918
-6.9051595	26.735834
-34.294033	-21.627863
-56.507504	4.974325
-33.38813	14.302759
29.383474	16.941198
4.037058	45.1505
-58.567966	0.6613505
-5.808175	34.51954
-6.6536365	-23.304554
-12.888218	13.248765
42.967262	-0.8034708
-53.793316	8.800919
20.069757	38.143074
22.979786	33.079052
-34.947144	-21.73168
4.0234265	45.149345
40.833794	3.3177407
-59.47294	-4.3390064
6.3157496	45.64723
31.078386	-20.247116
-11.598064	14.291039
18.515293	40.34185
20.499119	38.369614
-2.738238	-34.858025
20.2764	-38.177822
16.181135	42.416653
30.82868	14.795941
-7.117916	-21.707485
30.279964	15.202399
20.36964	37.96004
-41.428505	-22.017565
18.556604	-40.699375
-37.8411	15.681782
42.48687	-0.9149108
-3.1142652	-34.2169
23.821594	31.35026
-59.490387	-4.3820553
26.496523	-27.3824
-32.875687	-21.331978
16.988144	-42.4695
-13.843279	12.585432
-13.137951	13.058568
40.480736	3.8564532
2.00154	-47.323757
27.993696	19.521101
35.949875	-13.737391
5.648278	45.591965
35.093716	10.163803
-27.772566	-19.99449
28.240988	-25.195457
2.3853168	-47.46896
-50.335625	12.485817
-33.658325	14.679501
-53.45753	9.378255
42.571014	-1.3905573
37.47261	7.727825
-5.0552206	-27.142565
-6.173795	31.436615
-12.89607	-17.246561
7.1712995	45.90038
-43.45886	-21.397959
-38.460117	-22.07765
-52.783733	10.010606
42.157017	0.68944275
-5.7789435	-24.862389
-18.850298	-17.044073
28.309944	-24.684826
19.145687	-39.81447
20.75037	37.629116
-50.99579	11.918411
-33.054417	14.317483
-24.01448	11.339182
11.571115	44.85402
35.823227	9.343625
-40.82284	-22.087572
-58.380253	1.1413246
23.889788	-32.055748
38.49322	6.98217
15.705986	43.00896
31.837303	-19.167658
-3.0114677	-35.111
35.17077	-14.167346
-6.6335387	-22.698965
-54.254402	8.50555
-27.235172	-19.532248
-56.953278	5.07372
35.584686	-14.524931
12.454467	-46.910645
7.6795635	-47.988346
-31.81613	-21.065762
-13.086152	-17.793646
4.0763593	-48.144417
-58.620277	0.03438823
-16.445366	-16.912146
-24.805592	-18.740494
25.92238	-28.393854
-16.915518	-16.911077
1.5469974	-47.81972
22.626646	-34.59603
18.215717	-40.709587
17.072945	-42.40639
20.357132	-38.04848
-20.252663	-17.261229
-25.573832	-18.741287
-14.354476	-17.144968
-59.336105	-7.918344
-18.33868	11.061651
-29.821787	13.065004
28.696814	18.134298
26.754402	-26.945683
-56.663345	5.1197424
-49.3982	12.975961
-2.034302	40.74973
-0.15043275	42.61892
25.532286	-29.089836
-17.509192	11.122495
22.245234	-34.869965
30.084574	15.439825
41.15669	2.7705748
-57.199936	4.5139856
22.765928	33.518093
9.428441	-47.671997
-43.707508	-21.492233
13.840326	-45.460896
17.656418	-41.50107
-4.9209228	35.45713
25.510128	25.630838
30.034826	16.340643
-38.237057	15.967305
11.439992	-47.296642
-7.6918864	-21.793615
-13.753956	-17.305601
17.139658	42.126453
-3.6418462	38.52472
-59.523552	-5.665943
-27.950867	12.408747
1.4473231	43.75491
35.570965	10.106145
25.482227	24.846613
-42.2023	-21.83545
31.33078	-19.900381
-48.757553	13.403049
-40.20124	-22.110987
-53.971954	9.336426
-59.166237	-1.5755267
-3.1336567	39.301594
29.176971	17.23579
23.753696	31.89163
-12.381187	-17.833317
23.268494	32.415955
-27.95365	-19.507822
12.56419	-46.09627
23.284557	31.484623
-11.192664	-18.513716
1.5469799	-47.43515
-7.74629	22.892756
22.211325	34.70438
-17.209164	11.305975
-59.512554	-3.5401502
-12.580137	-17.578106
21.072655	-36.901333
0.8160244	43.411537
-3.701374	38.412716
13.475784	44.212166
-28.063953	-20.121267
26.076523	-28.113623
36.489372	-12.815308
-54.293774	8.902108
-18.19069	-16.978838
-18.689604	-17.03055
19.828505	-38.843357
29.509777	16.427126
22.917158	-33.800922
-49.971695	12.990989
-7.9588304	21.496223
-20.9733	10.948376
10.119526	-47.503105
-36.96864	15.654035
-6.46518	28.423613
-59.409935	-7.611648
-19.831593	-17.18206
-6.560921	27.565573
6.3218	-48.12936
41.656223	1.8104287
42.697777	-2.201184
-25.68913	11.714493
25.927383	25.216396
-6.2718554	-23.129932
38.26603	7.1765304
-15.143135	11.927058
23.983164	-31.875805
-42.689728	-22.11313
-21.362993	10.951916
34.65065	-15.271884
4.807608	45.39307
5.096127	-48.197937
-5.525261	34.977142
-7.671579	21.96504
28.001091	-25.513153
31.666283	13.806607
1.9347192	-48.11628
-13.629788	12.713063
35.20365	9.705779
-10.512088	15.555223
-39.826397	-22.13099
-53.284702	10.017921
14.262464	43.868843
-36.125256	-21.87353
12.005444	-47.016888
-36.6713	15.417234
