-24.106836	-3.1668153
-11.759864	-1.1856464
-10.469154	-0.5642109
-2.9884596	-5.3320374
-4.521054	20.513681
2.0799038	-29.898235
-1.3342324	-26.35427
0.078348145	7.5350194
-1.835949	16.69597
-6.547096	23.94046
-8.154598	20.64129
-14.060077	11.493094
13.497046	-18.904068
20.530266	-18.096674
-0.24760671	-28.686262
1.6008464	25.928812
-6.721153	17.27055
-12.679882	-0.47097525
-20.159267	-0.12327296
2.4788647	15.870971
-18.779655	-0.46494195
10.225819	9.457095
-9.569328	22.248787
-2.087982	-8.1813
14.214951	-18.978254
-11.051149	10.404112
-7.5746984	-0.95522434
16.59953	1.6573242
-11.90639	-12.054907
4.263112	9.560651
-20.98825	2.199558
-0.24682286	15.5680275
2.2077584	-6.5806627
-9.936625	8.877677
1.6821065	-23.839224
-4.814068	15.900067
-20.42267	-8.001467
-19.67011	-2.0246224
-22.991724	-0.8734875
-6.0308375	20.582626
15.353996	8.807216
-15.114819	9.396465
-24.111986	-4.8011675
6.3570323	-13.87523
-3.277818	6.258159
-0.107121564	-24.794188
2.6477463	14.764152
15.133455	-6.675392
-24.927574	-1.3832855
7.5883803	7.5191865
2.2937632	-28.430008
-10.614918	-13.240858
-2.8998222	7.227282
14.458592	8.207045
17.071297	-11.2093725
-6.8056035	23.058012
-4.8879304	22.725117
13.770164	8.117855
-0.11010043	21.935394
1.1423753	-6.1029844
-16.123772	-0.6508621
13.993929	2.2605307
1.7648512	8.137873
20.448568	-12.639977
9.89726	7.0276384
19.320618	-15.636026
21.39531	-15.3040285
0.6390159	-28.044792
2.8487344	-23.504974
-24.087059	-6.1014433
-0.24429478	-29.257448
-11.521218	23.313208
4.65826	-26.149765
-14.847632	3.749242
-12.368508	8.1077175
-1.1438359	19.698994
-2.236481	-8.719199
-14.219618	-0.9761086
-5.1330614	18.556593
-8.593148	0.64263284
18.71105	-10.193262
-23.251299	-2.9447267
-0.3016437	8.134789
-18.70805	-5.1649814
-16.91295	-5.7489753
-17.927309	-3.8237853
2.8137553	-29.451485
-10.542384	11.106977
21.651606	-13.645408
12.72177	-18.613495
19.805576	-13.900946
-0.08359888	-30.441727
-8.350903	-0.5911215
5.9930806	9.077316
-2.198844	14.259076
11.642584	7.3731446
-1.8123249	-7.3716455
-21.601616	-0.74675506
-17.559692	-0.7285092
2.438826	18.81737
-19.983177	-7.7311516
10.1398945	3.4765844
9.009994	6.8756714
13.921979	9.732228
16.91604	-17.317577
9.441767	8.109787
10.217886	5.020876
0.053272635	23.164894
11.864355	6.404185
-7.687373	25.630556
13.998661	-11.728837
1.6349325	20.743279
14.596515	2.7421806
-12.6764345	6.3641753
15.117566	7.8793097
-11.501563	-11.410635
-2.9162602	-14.942551
-0.6444756	-25.935125
16.949976	-0.6886137
1.9359078	-27.389137
14.170175	-18.114185
-5.236312	2.2050815
-9.519908	22.937061
17.645021	-16.829962
-4.49452	-5.7656384
21.18721	-14.137495
1.1983731	-7.2744226
-22.810558	3.945816
-24.888996	-4.5963035
-24.670513	-2.1642532
3.267584	-26.289028
15.821969	2.1020603
12.404601	-14.053357
-17.588587	-3.2384303
3.050646	23.158796
1.0507644	-26.310265
-7.300578	21.893974
-13.012944	5.941118
13.6287985	0.71756005
0.08794968	-25.15912
1.5322509	-8.25685
-20.235334	-3.0666976
12.144363	4.5017633
10.8521595	6.873966
9.593724	10.175623
-17.681875	-6.1420736
1.8222761	-8.88962
-18.088428	8.077387
-3.7207198	2.2730064
-3.1638246	-9.465534
23.418083	-15.170033
0.6074844	-30.10916
-21.10942	-3.4831274
-9.084411	19.756365
13.306003	-17.678885
3.510891	13.882107
-10.952472	2.419702
-18.435785	0.29338068
-0.48060378	-23.301071
-20.360844	10.186878
-0.6943325	-4.483402
-13.849841	10.711146
4.097772	-22.84525
0.65723145	25.956758
-9.164359	0.41833642
-5.4940143	24.755514
-8.288317	-2.3293126
-1.652279	14.191444
8.64789	5.0522513
12.970274	10.023706
-1.701928	21.67652
-2.26469	-14.931962
-15.924733	1.9803011
-2.0300171	-15.046423
14.599156	-10.084652
2.9220545	23.049847
-18.608479	8.934981
13.267377	4.2415857
21.273193	-16.717335
-9.586892	-11.8600445
-4.5184207	7.6031113
15.521855	-0.49869558
16.258911	-16.885485
1.4403847	14.495373
-19.335146	-0.4566107
-1.390168	-29.13241
15.71084	0.0038098022
-8.485549	-3.145458
-11.018091	1.0290372
15.073642	-19.250664
-0.6518837	-8.352137
1.5125136	-29.190353
-11.189037	-0.13717169
-22.00956	4.463222
14.170424	-15.741899
15.028741	9.1199255
14.516208	4.8374934
-4.23252	23.87875
2.588303	-24.04932
2.0313115	-6.0789227
21.42043	-11.45118
3.3752534	-7.8433723
15.810184	1.4161159
-2.327257	15.610913
14.167007	-13.913429
16.876038	-11.630293
-13.73098	-1.8581562
11.103683	7.983932
-9.035899	-11.124239
18.51945	-18.992157
2.7015698	19.553194
4.887513	-27.350748
19.682602	-12.241204
-9.516962	21.418129
1.9704887	-26.706423
-0.7625216	23.138376
-15.802765	-1.9691519
-9.101657	-12.123672
-21.540344	-2.7922347
10.423724	-7.3668838
7.3707695	5.9085355
8.337974	7.0561614
-3.376592	22.799257
-3.6382244	18.355034
4.4944158	26.508734
-2.8918748	20.625042
19.169088	1.3058212
-15.298945	3.4088807
0.10247123	19.972471
0.766818	22.581486
22.358316	-13.38733
-10.513982	9.512489
13.295516	-19.067991
17.363201	-18.755917
-11.575202	-13.457456
13.645205	5.4900813
-10.64889	24.718103
15.623571	-11.731176
21.002777	-14.610987
-3.3482227	16.181467
-4.9688683	17.256128
13.528664	-14.082331
-4.008648	14.76472
0.35843465	18.11357
16.972992	-10.095966
19.21616	-19.470251
-4.848768	8.22343
15.65126	-9.97264
19.77031	-14.935804
11.115383	-11.961363
4.547264	-23.6752
14.433376	3.9905746
-2.66344	23.362906
-18.943087	7.471984
4.0193777	8.651686
-20.764849	-7.4573336
-4.2569556	25.296295
5.0024967	-29.06468
6.814316	20.268642
-3.4077635	19.568848
-9.727681	-2.239498
0.9143385	-8.457642
-18.897732	-4.9364905
4.7724156	-30.064924
-19.414183	8.75175
19.7356	-16.309237
-9.832024	19.453924
3.558401	10.175967
-12.544205	-1.0267413
11.1022005	6.1487164
2.6362104	8.825053
10.414755	-7.6403093
4.728708	9.088593
18.459618	1.0528843
-12.959717	8.835413
-17.701708	2.6702363
-9.605144	-3.0490742
0.61897874	-25.38746
12.554205	7.293181
-18.068481	9.092218
-11.372517	1.4397578
-12.303306	-0.17551713
-17.610605	1.3507205
-8.431409	-1.1047701
2.6090748	-3.7627614
22.60328	-13.976062
-9.649945	1.9192356
-9.873236	0.04700995
1.8042686	-9.936655
-21.504171	1.8318204
1.9921055	-7.664809
-3.1385481	20.219494
-2.8497305	16.32712
-10.848441	-13.032244
21.277336	-12.692231
0.8535757	18.979626
20.465506	-12.217699
7.825657	-26.029152
-21.21075	-1.9061728
-13.201459	5.0282097
16.908283	-9.372656
-25.501038	-1.2885462
3.2500544	8.983042
-3.962073	25.897888
-25.352375	-4.8590927
-17.584974	3.9215405
-9.709975	0.77457494
2.6056259	-8.23229
5.213968	20.187872
-21.576248	-6.421773
-0.5700263	-4.0278683
-23.11151	-2.6834662
-5.9851127	25.951302
-23.778856	4.082004
3.428581	-25.273293
18.884207	-11.151964
-11.67401	10.283188
6.657636	-13.754328
-1.8926775	13.55445
0.16140763	21.281279
-16.780645	1.4469848
-19.468592	0.66036326
0.37432116	-29.10292
-13.922576	8.532135
-8.417909	23.622765
-17.142328	-3.78836
-10.794434	9.01026
-4.87436	-4.7794137
-20.254879	-3.7406092
1.2308092	16.757555
11.404066	-12.640519
0.7160685	14.014587
16.014416	1.1655678
-11.875416	-11.454348
0.32454947	-7.2604227
16.622604	6.5110254
-8.533158	20.19458
-25.851091	-5.1247025
17.747343	0.637224
2.364017	-25.170347
-15.958921	-8.789311
-10.519852	-12.149015
-15.41331	0.40896395
-9.981811	22.53306
-19.896708	3.5054858
4.2994194	-25.120932
8.646462	-8.079839
12.774356	3.8764687
-10.754003	10.184338
-12.04269	-2.1914673
15.843651	-10.806417
-7.2077894	14.344756
-0.9489345	24.573116
0.425748	-26.506311
-1.0670583	19.11135
-8.8391485	5.202558
-12.567249	1.7652701
0.382068	-6.4480515
5.6985188	-26.127066
4.6453094	-26.374786
0.98388314	-7.6973667
18.193018	-13.756107
-2.0272806	-15.294325
-1.5179254	-14.747699
12.456495	7.969362
2.0772252	18.729551
-2.3223948	6.187577
2.092642	9.936915
-2.4848108	17.172165
-7.022923	1.9457636
0.024724796	16.399725
7.9111247	-12.941445
14.306885	-0.0036302474
3.1311028	-6.836847
-10.053753	-12.627877
16.930586	-18.116608
-21.695162	2.969014
-21.999197	-3.9930286
-17.27638	7.599746
17.62778	-9.792905
-8.524183	25.364182
-1.3863909	-6.0716395
-2.9316444	13.840322
-0.36224848	-9.049599
1.7738804	-22.818985
4.8510785	26.67352
8.21179	9.824285
3.4505756	-28.0939
22.295591	-14.294767
18.47219	-12.312835
-6.497698	14.807468
1.5444742	20.365496
1.1675508	-23.656149
-0.94700134	-9.608469
-18.001404	-5.562048
-5.3967257	18.122025
3.6368752	17.766483
-17.726072	10.916535
13.715291	-0.06806869
3.8836682	-29.106571
15.535037	-15.1919
2.9111636	-7.3524423
-7.4836698	-3.9441123
-6.0758023	25.662327
13.903921	-11.639088
10.390716	5.639881
-24.412466	-0.1680893
-23.578266	-3.870185
0.9593721	24.676477
2.2507896	7.9430866
13.025902	10.868892
-5.3818736	-6.2887144
22.74241	-12.803468
-21.60296	-6.8915477
3.4320304	-5.4092855
-14.7962885	4.061475
-9.477972	10.958457
-17.830822	0.58006227
13.061214	-16.74139
-1.992794	19.976482
5.3202376	-25.38107
-7.5046477	-3.2086537
7.766084	-12.402049
-25.623468	-1.9294591
-21.88729	-6.108059
-15.793145	-9.042173
-0.6778524	6.8346395
-6.5956883	2.0032816
15.378774	-19.003023
16.765162	-15.602378
-10.185124	-11.128171
23.798952	-11.839405
-7.400258	-0.23401538
10.299895	7.512501
-4.9601493	7.7113595
-13.22356	1.5924684
-0.7327813	18.184006
18.056547	-12.462401
-4.154664	20.111254
-2.927115	23.927694
-2.6405752	7.1835914
-10.590589	23.521175
-25.41182	-3.068598
-3.6002278	27.388584
-20.500008	10.331441
16.847826	0.535702
0.6055073	20.093666
1.1008132	-9.544197
-3.5877779	6.4780397
1.0137173	15.940319
4.66745	-10.06969
15.488274	-18.418478
2.0992584	16.896338
18.833822	-13.783805
-0.46463773	-6.139783
-22.499573	-4.2617455
8.915317	6.4052005
0.8755337	-23.223537
1.5125414	17.670591
-18.177362	-0.16917875
