-8.314715	-26.154835
0.8847331	-19.337193
3.6581562	-19.376825
10.971158	-13.172791
-13.640965	-1.5090375
6.8598914	26.777805
11.097133	23.39835
0.07117323	-6.790775
-14.984155	-0.9355158
-13.854924	-7.5297008
-17.490822	-4.051583
-16.168726	-11.075767
-14.818796	15.914079
-15.338555	22.241024
9.301735	25.020056
-6.3131537	-5.8398957
-9.595677	-8.796669
1.152915	-19.988094
-4.1497197	-23.022388
-11.600736	2.1840167
-3.5266993	-21.456919
7.773866	3.7271779
-17.121037	-7.7532406
14.748664	-18.04994
-14.661411	16.59154
7.355148	-12.517377
3.6932414	-17.054857
10.549478	-2.4038892
18.207369	7.69201
1.1397896	-2.9386313
-2.184085	-16.012781
-14.611482	1.4166335
19.326872	-15.716839
10.40938	-12.954003
6.6737337	22.130365
-17.419722	-0.45364356
-3.1663072	-27.543516
-2.953837	-23.97814
-6.9399433	-27.524931
-15.3601465	-5.0869064
3.9494257	6.6677437
4.429362	-11.489458
-7.2980595	-28.481903
-12.156175	-17.668087
-1.619521	-11.2995205
8.973391	23.123138
-11.427389	3.4322379
11.575237	-0.20984514
-9.516714	-25.96206
3.767544	0.5738531
6.367154	25.871357
17.660528	6.257903
-1.7747436	-10.140639
4.564983	6.10937
-8.124877	21.679327
-13.310767	-8.357885
-13.457342	-5.803991
4.8899994	5.717463
-12.766761	-4.620353
19.249773	-16.54344
-2.2677596	-19.789825
10.824089	0.562964
0.6508694	-4.775683
-10.447539	23.795403
5.0939217	2.607238
-12.428906	21.877695
-11.295716	23.064152
8.5152445	26.758205
5.7096205	22.098894
-7.6258025	-29.26739
9.765347	25.457212
-16.11283	-6.4255323
3.6413815	24.964209
-7.840232	-17.550941
6.1124206	-11.2771015
-14.44333	-2.0082743
14.15246	-17.987747
-0.95057046	-20.03465
-8.666544	-3.0830038
1.8711061	-17.650414
-8.320253	24.251633
-6.8117437	-26.73252
0.64032894	-7.6131105
-2.789036	-25.771719
-1.0932932	-24.032503
-7.4280424	-22.736904
5.9719343	26.758015
7.859104	-12.651958
-12.096164	24.138525
-14.60277	15.114662
-10.814913	22.683083
10.674999	25.058279
3.0852625	-17.49472
2.5220478	-1.6451465
-16.118305	2.7624638
6.0876136	3.4770927
15.2584715	-17.732395
-4.164365	-24.118801
-3.9835207	-20.206406
-11.435281	-0.32982942
-2.6940372	-27.27009
6.6188097	4.9035788
4.502377	2.0354638
5.345531	7.03012
-12.465943	19.0205
4.951747	1.2921793
3.369825	4.6418023
-12.080538	-5.5442486
6.246596	3.1018798
-13.841425	-9.893986
-9.457442	17.688366
-13.032408	-3.230301
10.001669	-0.050958745
-6.1772914	-15.475262
3.2956946	6.2626677
17.579647	8.047364
17.454792	-7.72145
9.35701	24.285326
11.764526	-3.8729153
6.7907705	25.960276
-13.688881	16.426298
5.789535	-17.505928
-16.227854	-8.735824
-14.691969	19.793196
11.855305	-14.823794
-11.103007	24.743046
17.92146	-16.221024
9.357843	-6.9645905
-8.49313	-28.27517
-9.209981	-25.370102
5.2982845	24.854296
10.183734	-1.6492492
-11.120356	15.866826
-7.468542	-21.919174
-5.0354857	-1.228348
7.631826	24.90258
-16.74719	-4.9426
-17.251162	19.340282
12.864537	0.37657005
8.680323	23.44884
17.497873	-15.814035
-4.607476	-26.072094
6.885917	0.8803047
5.477622	3.305427
8.557194	3.6146157
-1.551886	-25.423193
16.436844	-15.619576
1.2787164	4.893488
0.25730845	-10.078911
12.999051	-18.358454
-11.229823	26.581049
9.389982	26.37667
-5.7675085	-25.299763
-18.433968	-4.2356315
-13.712315	15.771414
-10.639984	4.129592
3.9173636	-21.818947
-4.381361	-21.151285
8.670014	21.443722
-0.4567175	3.5019467
19.341045	-18.940294
6.508614	-11.952505
3.5076466	21.808853
-7.0113635	-4.2325087
2.34983	-18.54576
-12.023032	-8.359891
2.2901733	-16.618223
-16.113495	2.4001784
8.048856	6.183496
6.100855	7.4052477
-11.156436	-4.017475
17.966156	-8.161833
-5.893944	-18.540533
18.24854	-8.281322
-7.5951486	20.042717
-5.2632494	-1.2668759
0.94074893	5.7326508
8.395511	0.78647226
-13.374861	23.552584
16.136465	6.6656923
-2.2655005	-12.58139
12.655583	-2.025785
-12.583813	18.38328
-12.59099	3.383285
-3.1817436	-22.012323
10.989862	26.292612
12.068471	-1.9857589
1.9543561	-15.759979
2.2269185	-20.933624
-14.8881645	17.41178
15.311075	-16.779955
7.667474	25.977709
2.0214853	-20.01653
7.9887447	-7.5225086
-12.110183	14.519403
4.6187515	7.103567
9.478668	2.180921
-8.907092	-5.3150077
5.988292	22.30231
18.546215	-15.495753
-10.220915	25.578548
19.040472	-14.341287
10.985635	-1.8071268
-15.027002	3.9862008
-11.602771	18.068361
-8.480795	20.94823
0.14540234	-21.027798
5.7984347	4.293784
15.68431	5.933436
-15.626356	19.639677
-10.42898	-0.21983057
5.214511	27.368666
-9.78417	23.581734
-17.654873	-7.1453404
6.5206866	24.7581
-11.291084	-5.09585
-2.0990434	-22.323078
15.402284	6.7922378
-5.7018065	-24.698772
13.436072	8.337108
8.521618	6.546599
4.061668	1.4937118
-9.972995	-4.5428553
-9.241843	-2.433895
15.568887	-20.134045
-11.0828085	-2.6707184
9.9567585	-5.982878
-7.9197764	-17.972569
-11.869729	-1.1551937
-11.970397	-4.188041
-12.325362	24.9989
8.29337	-11.651701
-14.60576	15.673116
-13.246961	19.501926
18.546694	6.24973
8.795117	1.9946643
-17.077835	-10.325219
-8.169269	20.224571
-11.4797325	24.192188
-17.165869	-0.64942825
-8.834408	-1.8740945
-11.521453	17.191374
-17.509205	1.6870824
-13.901341	-0.19724143
-7.5202727	22.439926
-16.749691	19.29334
-3.2323062	-12.570111
-6.3783298	21.36507
-12.050109	22.639353
-7.193277	14.580468
3.4472413	23.3575
9.62575	1.4095677
-10.028438	-5.17769
0.3970973	6.1151752
1.6026751	-4.0619297
-3.9530416	-27.43666
-11.224831	-8.061311
3.6642134	24.202356
-8.410205	17.38059
-9.752929	-2.9728956
0.71357703	-16.369059
17.24901	-16.736212
-3.7104464	-25.269062
2.8437138	25.816235
-0.14965884	5.356639
-13.394738	21.702204
-18.843727	-5.9760303
0.08787181	-3.204624
0.6825805	-20.07051
4.324638	4.119875
1.428462	-4.527207
13.545922	8.716282
1.8805528	-3.0271168
10.778308	-4.4462247
6.09257	-12.743142
-6.775079	-19.492474
0.23582725	-16.662878
8.160253	23.785143
6.5987506	2.4648526
0.9836489	4.7422724
2.5134232	-21.67594
1.4222406	-20.945208
-5.6291757	-20.086687
2.5862381	-17.298826
15.186681	-13.017369
-11.947866	25.58315
3.7626548	-20.664398
2.9814332	-19.24048
16.752434	-18.459543
-2.5689156	-14.570932
17.349339	-15.098165
-10.330872	-2.5936518
-16.318869	0.40158832
17.736542	6.4229317
-9.600814	24.756472
-14.434838	-2.691447
-10.302415	24.169899
0.91449517	23.415945
-5.181384	-23.846563
-6.192402	-16.471186
-6.34825	22.459816
-10.333283	-24.950544
0.9689763	-3.9909647
-10.25572	-8.436418
-8.831711	-28.094131
-7.9809875	-19.711342
2.2317135	-19.250889
17.960081	-14.745746
-17.105757	-1.9785091
-5.2604156	-27.165154
19.786297	-19.10701
-6.7945123	-26.445318
-11.657001	-9.87151
8.663271	-17.54608
4.891904	23.883976
-8.516775	23.329235
6.806212	-13.132727
-12.545528	-18.623392
-16.7211	3.07219
-13.743818	-4.1443505
-5.6929197	-19.624199
-2.9160056	-21.192448
9.236791	25.706997
5.209816	-12.981875
-15.305294	-7.301195
-8.165189	-22.043892
7.71319	-11.147679
11.028106	-14.665844
-4.800475	-25.362665
-12.947518	1.0829225
-7.3823857	13.947499
-13.059359	3.3952017
11.134964	-2.0178328
17.876734	8.175985
17.887733	-16.836704
2.2533836	7.5325794
-17.945751	-4.3994093
-9.445826	-28.36181
10.9789095	-4.0534515
6.319152	23.40634
-0.4701032	-26.615143
16.943506	7.008905
-3.0223143	-18.639172
-16.862284	-8.12717
-3.5261486	-16.206558
4.699958	22.983133
15.255096	8.018228
7.9249954	0.34792572
7.6625857	-12.037819
-0.20413452	-18.85532
-6.9196167	20.58786
-7.9592967	2.3894753
-10.763635	-6.717831
8.2114935	25.089598
-13.4842825	-0.86691576
11.835499	22.548544
2.2212982	-22.500362
18.60557	-17.126432
2.5975006	24.027906
4.09712	25.267181
17.113136	-15.939085
-10.470971	21.277214
18.28537	-8.121512
18.526106	-8.876959
7.2685733	2.8378725
-11.378757	0.054177012
-0.90971774	-10.4555645
2.1197665	-5.225434
-15.3527775	-0.03473205
5.3586044	-18.667028
-13.99064	1.1592522
-12.741995	-18.931974
13.170777	-0.54154915
19.580063	-15.075082
16.852121	6.4502254
-13.199115	19.13782
-1.1324548	-16.745033
-6.510317	-25.565773
3.5140743	-11.510721
-7.042556	22.893734
-15.005038	-9.827178
17.732586	-17.944025
-15.547586	3.3255658
14.245728	-16.211016
6.8445315	21.258879
15.482026	-20.302637
4.724306	-1.5678009
5.3868537	26.08922
-11.504586	25.282253
-9.461456	22.356197
-8.065651	2.4114957
-12.245531	-2.9364073
7.4062147	21.892204
15.108276	-16.262445
-2.0982819	-24.86743
-8.422001	-3.5795424
-14.568243	4.5722837
1.3524046	3.5365517
12.967903	-0.16706955
4.285972	26.153551
-11.40415	14.131767
18.745539	-14.767065
2.2492604	-14.93226
-12.003831	-9.602918
-9.318471	17.55827
3.2057807	4.0809903
-7.4063025	-24.11809
-7.733789	-26.87106
-7.1510296	-5.941241
-0.22228287	-3.8700185
6.038216	7.9481387
13.362257	-15.82081
-12.968023	24.828152
-5.3389354	-27.941553
17.233578	-13.584295
-8.146101	-17.854027
9.387656	-12.885235
-4.4389663	-20.344181
-13.051121	15.452247
-12.7788315	-2.0401692
2.6400924	24.444273
3.0417752	-15.717924
-12.237272	-17.815218
-10.011994	-24.268206
-5.765132	-27.404907
0.2782891	-27.324778
-0.9554743	-7.495513
5.680535	-18.173286
-14.423965	17.609001
-10.974974	19.5174
15.889417	7.3439317
-14.679649	24.93838
4.0408998	-17.58651
5.5351624	1.9604108
-2.8532135	-13.163609
1.9170084	-23.192701
-14.057734	-0.96761686
-8.8895035	22.32037
-15.211331	-1.8105057
-9.689077	-6.2599006
-1.6699479	-9.9270935
-16.886837	-9.027365
-9.120573	-24.915686
15.4701395	4.969884
-0.45722097	3.3721764
11.7884655	-3.2597415
-12.153588	-1.5840855
16.27943	-17.02858
-2.1331348	-11.592444
-13.20099	1.6380186
-6.464343	12.915669
-14.424199	18.01094
-11.876552	1.3306746
-10.758757	22.136858
18.464731	-18.077665
-7.584643	-25.24218
4.300226	2.4235368
7.8057513	21.66173
-12.366749	0.71976835
-3.5886662	-21.060228
