9.150414	-23.556574
-39.36997	-35.211876
-42.377586	-33.31573
3.9535236	6.540834
2.0418289	-16.421059
-35.170815	-28.997122
2.0706978	33.153885
48.27038	11.3608055
27.856428	-13.323645
-28.328127	30.75495
28.540476	4.2891164
-24.579153	-29.818365
-42.467052	-11.606657
8.906062	6.7869782
-41.453735	-25.374107
-21.71612	30.373224
49.628334	7.781466
-41.94826	-32.43417
0.58790725	-22.451723
24.009624	-33.529766
5.4546666	30.120598
-19.474983	-24.97463
3.80293	-24.63004
9.356476	-26.123734
-13.031446	26.915012
6.5238495	5.2888184
-36.658035	-35.708797
22.911104	56.824135
-2.730582	13.408504
-29.192894	5.741949
37.004078	1.0207258
38.147152	-0.26647174
-35.294254	4.6362653
4.726841	9.050097
-34.482643	7.980611
42.972588	7.265223
-32.250847	-29.278587
4.077952	23.371952
2.3446553	-23.473854
-36.19119	-28.346075
-21.028652	4.044382
2.1758614	7.5828066
1.876591	-33.58774
26.645845	-13.177322
32.33394	-18.758919
-28.328854	14.834242
47.38597	0.3017934
30.186192	28.050272
9.866507	-22.011694
-19.729164	-26.04322
-40.572323	-25.167667
4.8852057	-43.030922
28.860464	-28.86442
-17.295332	-5.3160677
16.966955	-28.143923
-43.11006	-9.439665
-44.855953	-6.976157
-28.167425	3.7309878
-43.032486	-5.3920608
-17.101912	10.522836
28.680048	-24.5857
18.380474	52.46322
33.70024	-12.394766
-13.738161	15.261367
-13.979156	-15.4342
8.710717	48.499218
27.174732	5.2987275
-30.940382	3.6421998
-20.459202	31.522564
6.8680453	-40.00111
-47.29139	-22.493359
-12.850923	9.833709
36.126854	-2.1599202
28.655804	-21.937204
2.0183868	12.34711
-41.269184	-24.073568
3.8935945	-23.497297
-22.96154	5.614986
3.5255456	45.013794
29.196873	-13.967632
33.409878	4.650937
8.02156	-27.657026
50.325516	6.6273394
-18.808563	-4.090505
-3.6746697	14.035186
2.5993316	32.22659
24.89788	-1.9522052
5.881275	4.2189593
-41.757504	-16.922
-27.251413	8.248682
-32.27621	-37.79596
-31.333593	-31.843245
9.644374	-42.030228
-16.77617	0.14064272
45.44437	6.5507555
21.040537	-34.504383
5.1616535	-41.123302
3.9321456	-42.08435
-3.1072574	44.045795
-16.867336	15.69432
11.415553	3.1896813
-22.544222	-26.431896
-15.143606	-12.573853
-22.112665	-25.6682
-29.190746	18.391245
-15.489523	-14.92562
-15.52377	8.634393
-44.248386	-5.6332326
18.446321	-36.23745
-51.246906	-14.800933
48.461884	6.9370127
-35.609497	2.9086106
20.051733	52.906338
10.474526	7.1306114
-16.883125	4.0256276
-5.984281	40.606045
29.692684	-11.265235
24.884333	27.846611
22.84935	52.551235
-36.275597	-30.626968
-51.397343	-15.738883
0.5302462	-34.44895
-41.2037	2.2449138
-19.351435	32.143044
29.732645	3.3074532
-38.40502	-33.53163
-18.071455	2.5833755
23.003424	23.367563
6.949371	-31.315771
1.0916469	-16.795902
-5.5654144	26.824675
23.300442	55.462437
44.58943	10.80855
-11.09838	26.324276
-43.816082	-8.106774
14.48452	-42.08949
-37.242973	-10.878537
11.109108	4.964691
6.846556	46.2915
-4.3736744	34.860176
46.732574	12.9163475
0.07104427	-18.551998
1.1174991	-33.068142
-13.019348	-14.129719
-14.234747	8.10291
-1.4794444	42.799454
7.5753517	23.57976
-21.474146	4.9226656
11.447836	-16.547113
8.762849	-32.679035
25.943605	-2.2033122
-30.684757	-37.35746
0.46059227	-35.528103
45.784378	0.40834785
-41.572693	-4.6577735
28.885279	-30.366173
-28.70039	31.412004
-0.31905738	35.07503
-53.691498	-13.053339
4.9298196	-24.995924
-15.302813	12.677374
7.919941	3.214023
5.452542	34.182575
-9.997299	26.30658
30.120636	-17.446459
-49.793617	-11.269988
29.899488	-12.113884
51.79166	7.853954
-28.089914	5.1283703
-25.7124	-29.466202
-26.755293	26.71124
33.804073	28.472006
-7.9233227	36.760952
34.61035	27.941906
45.500202	12.480556
-39.937332	5.52556
-10.610744	-0.31465554
19.73054	55.47143
-42.418148	-20.195524
26.812126	27.083881
38.0561	-6.4748573
8.424762	46.89642
-19.822527	30.613716
40.59521	-6.4026413
8.794729	-15.392541
-53.34938	-14.668823
11.497361	49.123417
26.381283	-1.3128681
-44.734375	-12.053931
-6.080949	22.556505
8.464848	-14.526849
-51.63351	-9.416106
-46.28429	-21.751287
28.754272	-19.067377
6.608973	26.03848
-16.422554	-9.006069
27.55885	28.567728
-47.329956	-21.157473
-13.88098	37.640793
-41.051693	1.4370915
30.189686	-14.389621
3.9582102	-40.29194
20.083431	54.04424
37.10034	-5.5423803
3.7134962	43.668457
30.290392	-21.334293
7.9879537	-13.098689
22.079168	-33.10408
38.187164	4.608525
-1.3837993	15.248431
-27.834406	20.099905
25.735825	-12.960512
-35.6561	1.5518287
-15.0583725	2.2762175
7.297038	37.066677
-26.831713	23.396992
14.609126	-41.21598
28.013561	-29.962894
-29.770645	31.730946
0.29132706	4.3361077
-17.346565	-6.936319
-14.60999	-14.31383
-25.047682	29.196209
2.8404796	44.13659
-28.190525	18.745796
-25.228632	25.968782
26.441015	53.16872
-4.0434036	-21.657381
-18.429436	15.070872
-43.430374	2.1943927
-42.30877	-21.308352
11.018262	6.299432
-43.549892	3.3738468
12.243341	7.7959557
-24.372444	-28.62839
26.13956	27.819141
8.159429	-33.63805
12.690994	-19.241955
-36.97559	-34.13007
36.269905	1.7336419
3.391624	41.69742
50.031857	8.959725
47.26768	6.2544436
-16.438051	-27.452797
31.609745	31.296516
3.7767951	2.3384159
34.378082	-8.599415
42.667526	-2.1797352
-29.041271	15.699294
-14.066927	-1.4066253
-41.45148	-14.805826
7.115225	47.409332
-26.160652	28.35265
5.640559	24.022797
25.634354	-31.74446
-32.257595	-36.837578
-25.650087	24.801891
-5.555158	21.414375
6.065299	36.641655
-5.091491	26.415844
35.172455	2.898111
6.4331403	28.152742
1.2986009	4.0387683
34.618088	5.259866
6.606735	24.846735
0.7217914	-39.49198
46.83	-1.302636
-16.030434	4.026183
-48.5966	-21.614037
-15.83096	-7.9405904
-16.6394	2.1485415
-36.452667	-29.662294
-17.318146	-7.9474096
21.879404	53.889908
8.144379	7.4313893
16.805698	7.4970875
35.576912	-4.241212
-30.156912	15.800098
19.471952	-37.134117
26.919577	-31.188097
-41.522884	-12.125538
-43.95209	-21.723053
-5.656057	37.306572
32.66445	-13.208805
18.540123	55.503284
-29.576517	-35.5124
-10.560575	25.280514
-40.536766	-18.824114
-29.491327	4.5430226
32.54666	-17.926939
-2.7492378	-22.53173
-12.608166	30.240099
39.79241	5.176855
7.052338	-32.54541
31.080109	4.08204
-17.83465	-24.08738
-41.643448	-34.769577
10.723879	-41.949635
-52.970966	-12.593231
15.263868	6.6344085
44.072525	9.376299
10.848059	-18.067978
-13.624179	-0.94213396
-25.996225	16.106236
7.645761	-30.18212
-23.705156	-26.41024
22.063938	23.469429
-2.040795	-24.459745
6.4550185	35.495785
9.277097	-29.85798
-15.742756	11.464562
8.554003	-22.635708
-51.32787	-10.396257
9.490773	-41.17566
-0.08763463	14.909541
6.8839474	37.952538
5.6687064	8.572941
30.425732	-18.896528
32.77813	30.58876
-15.292219	17.52897
-2.752097	35.36479
2.9572701	-13.384648
2.881633	-42.365257
12.424952	8.75218
-24.160818	29.308784
-7.0530553	39.76526
3.052443	6.588934
5.4692373	2.564658
22.43002	-35.250214
25.035244	-33.7199
-11.324983	-1.0773044
46.770306	1.0041558
19.08837	53.766697
-5.8849635	39.71111
-27.794737	6.386304
-5.5186915	42.293613
43.66313	-2.9718099
9.142918	-30.853321
21.719332	56.575462
-11.83142	30.817669
1.105288	13.213674
-37.905037	-34.901638
-0.28341493	-17.678741
-1.5109949	-23.561485
-41.434788	-3.0317662
-33.46987	-34.66451
26.020607	26.23947
25.939089	52.17927
5.3038235	7.087268
31.399336	-20.467102
38.787983	5.4430175
5.1357636	11.032601
-43.641068	-6.6819186
2.4504309	-14.378125
-14.612008	11.688824
5.6409926	29.171314
-24.317919	26.565128
-20.190147	4.513011
-30.58269	-32.318752
-26.559132	-30.397316
6.7925153	29.963442
-4.5308967	39.26475
31.684345	27.937023
35.606667	26.670647
-30.332176	-36.439915
-14.725375	15.953647
31.380392	-26.00895
7.9975944	12.925301
35.68503	25.346876
-52.56301	-10.052277
36.260117	0.40965247
29.289568	-9.636629
10.552272	49.387688
1.1899166	-38.31473
36.891006	29.72472
-38.404297	-11.238255
30.984566	3.2413173
-40.495758	-35.794094
-12.838004	8.7805805
39.793774	-2.0262322
-53.33861	-17.204153
-17.622766	13.535963
47.573254	5.3076544
12.341291	-20.524752
-28.706152	13.386713
-29.069727	19.566538
-16.968832	-14.545251
-30.031279	-31.371012
-27.785322	-30.555346
-18.54176	31.385654
17.755356	7.621888
-36.52804	3.835799
-29.197544	21.192196
10.765047	-19.255695
-2.81825	14.742629
24.4587	24.009604
25.536697	-0.7506964
-14.070755	-12.921673
10.027205	48.427753
-16.03439	-28.630556
-4.9067636	34.10703
1.0223058	-37.367977
43.637848	-1.6329014
-51.660522	-13.73166
47.219624	7.4480605
-17.502277	0.39643112
29.327951	-22.81907
3.346381	-22.420263
-40.73119	6.55937
11.182523	-20.810736
-16.627348	-26.559807
32.57641	31.379272
-40.342636	-11.883296
10.382424	-29.43148
24.234522	51.84479
9.5015135	-39.796535
6.870031	3.6517973
1.8566861	36.000317
-28.39201	12.233171
-25.553995	22.137484
-34.96678	-35.672638
30.459305	-15.991693
13.16973	-41.382095
1.494633	-17.859623
8.947828	-24.78375
22.58379	28.344227
48.935226	5.612446
-42.4632	3.333941
-7.0702233	23.347359
-1.7392145	35.120064
36.945	25.879375
-1.3841901	41.515263
24.340063	54.27
20.122982	-36.526665
36.560867	-7.244957
-2.1242907	44.06796
16.02483	-40.57582
3.5988898	36.32323
23.44345	-1.4421155
-50.03044	-12.180689
29.185768	-26.379684
-2.6140602	-20.944395
7.290917	-14.686734
-41.44715	-18.883457
15.486303	-27.212315
21.209599	55.53767
-40.644833	-4.1205177
46.506058	13.852746
36.699665	-8.429891
41.232048	-1.7452171
48.686646	3.5162992
-12.056087	27.62226
-17.652136	-22.983393
25.08252	25.074774
-13.430472	37.867386
-53.743916	-18.098145
-15.791014	-10.726704
-38.03461	4.2484627
8.367854	14.03727
0.93757254	34.869297
