-22.212708	-26.422182
15.633615	-0.54512423
-1.370204	58.04419
52.940845	8.674365
30.279663	-0.14279309
20.927458	-3.0232577
36.05268	5.487722
-4.876137	-4.767225
13.983075	-31.491348
10.771207	32.7119
23.397377	-38.282116
50.599678	4.664649
-1.2077804	2.7095346
-14.257791	10.2401
5.3018327	7.892781
-13.53647	40.181892
-5.5362935	-38.713997
-5.2384477	33.73863
9.95751	20.584276
-11.140984	-5.694493
-3.3629754	-42.19304
27.260544	-8.304275
13.691288	13.0879545
-16.573599	30.264513
20.860561	27.641922
54.591297	12.014102
-29.82018	-10.385299
-55.91296	-17.549896
1.0865293	68.649025
-11.401024	-1.1037343
17.104757	-7.6444383
26.001865	-20.474215
-17.91614	-11.235044
53.456867	13.948615
1.1927179	-14.282727
16.31499	-28.028952
-12.873838	15.783694
-7.3311853	-30.578009
-16.961367	-21.488213
15.639144	13.073504
37.79939	-4.339115
53.1616	6.4153333
-26.029613	-23.284985
-12.48621	29.690931
21.982803	-30.405087
-11.718958	0.35688958
28.961311	-18.965425
15.71974	-44.96035
-21.236284	-27.40255
-14.585548	-5.9945316
21.422476	-8.343469
1.9367839	63.095554
25.984577	-29.353474
38.48348	-1.9362694
-31.846373	4.6497226
10.104331	28.164034
10.287973	29.086847
37.17704	-3.4052262
1.2501435	23.409958
-8.450169	0.5634474
19.162066	-41.183613
-57.045258	-20.119173
-8.630317	-5.8329167
-16.43378	10.298857
-12.402778	-16.708754
-42.739586	-20.27428
26.10698	-19.790829
38.53233	-0.30945107
-22.301838	11.820156
-25.587246	-20.591171
4.818241	8.300397
33.027504	-0.8457222
38.14333	9.911534
32.249435	5.546829
49.89028	10.788443
27.570456	5.6154876
-22.290665	-27.969759
-8.087407	-35.85847
-10.469192	36.574276
4.8298798	-10.755826
9.245358	-9.428793
-26.662306	-15.236321
11.497417	-20.722713
-15.278192	1.0458096
-9.680227	4.2192607
-22.09914	6.77088
20.070944	-3.5794196
54.90744	10.3336
5.9698253	5.903387
-3.6981208	-2.0787928
24.273535	11.975805
21.020237	2.081204
-26.114325	-19.59234
-15.8727255	0.14846505
13.51685	-20.469753
-10.52552	-21.771574
22.396439	11.859268
10.186114	0.32321975
0.17879437	-24.194677
-17.38589	10.901248
-13.385071	11.154067
-15.551863	19.450312
-12.88414	-14.769598
23.638515	-5.71982
11.03367	15.360867
-15.076518	-16.762585
-6.560696	-28.060125
0.45866147	22.38328
-9.973042	-17.152576
8.533289	19.541843
16.69175	-41.933887
4.474741	18.394459
-51.276974	-17.211336
42.54916	10.375038
38.950954	-4.685829
-0.025251199	67.843155
31.29063	19.650822
-37.1067	-0.23317322
-52.39121	-17.053297
21.151978	-8.935581
-2.3078074	2.5235615
-28.23793	-21.301819
12.258266	15.356394
-13.854874	42.685207
-5.035116	62.678078
-30.598581	-10.13713
-7.8838887	-36.891872
-36.157917	-2.86243
-24.610674	-22.30341
-20.80273	-30.426395
10.815897	33.724773
-54.958042	-18.075094
16.300844	-38.804886
-8.87973	21.182352
1.6201168	27.16236
21.352789	12.047954
10.105358	27.048992
42.557137	11.209298
-47.983112	-23.382338
-27.892927	16.61362
-6.5302396	-38.9171
-24.847797	-5.2418404
-18.687588	-11.797654
-11.343832	-18.05443
-5.282257	-26.584768
-9.841933	4.99677
6.647884	-34.063843
-4.16264	-30.364393
-28.800701	5.302052
-23.860323	-26.467823
12.675229	-9.771882
18.962915	4.8807683
-3.2200482	13.205587
22.041313	-38.755283
-0.5526819	1.299047
30.838652	-23.096313
-5.4538665	35.40785
-1.5706419	-41.795418
-1.5003127	16.049168
-16.47962	-23.779074
-19.900478	5.840957
51.66368	7.242444
-24.465015	11.1648
-3.5710354	58.464294
-25.85571	-9.483121
8.29546	29.525707
29.457035	11.244535
12.78207	-21.126707
-7.498721	13.221124
26.970598	-7.1228905
-3.2641659	24.000582
31.787458	21.334066
-1.5013955	69.495766
32.02478	22.239496
-35.507675	1.7113136
2.125608	26.605305
-2.7315674	-31.269175
-51.16821	-15.622589
2.9467065	4.518687
-0.91458356	63.973305
19.71162	-29.562355
-52.793377	-22.31061
13.282795	29.570734
22.809412	-25.624207
-3.70292	-43.42546
0.069916844	2.4719477
-53.09147	-21.347715
10.175636	-10.275419
-4.0730515	35.429356
20.059256	28.050842
3.2239308	-35.291916
8.2512665	-33.11969
-0.892314	29.430435
-3.4604952	61.946423
-31.091038	10.892391
36.224663	-5.518546
-11.6748495	-39.230255
5.3868737	32.309635
-23.091085	11.086922
-4.7607064	13.664865
7.131041	-13.372604
-30.98057	-21.031637
-55.074158	-19.380741
6.0913134	-11.270231
-40.01753	-9.110573
31.749355	7.388659
-16.026611	29.109995
3.9758728	59.617184
-1.4017632	62.337322
-9.359818	7.6291823
-18.818003	9.946164
16.29131	-1.8988142
-4.8948016	18.2935
12.980306	12.160787
-9.946014	-38.3556
-1.8958505	23.80266
11.893342	0.060988113
-2.0229936	62.99143
-35.633705	-14.57303
-5.1618896	61.594833
-17.060003	-0.17401753
-13.787818	-16.238665
-16.26628	38.026695
-10.698902	35.96539
37.268696	0.13104238
-14.765802	40.052998
-32.040413	-9.329153
34.42165	4.7837524
-9.786174	19.98229
-0.5112763	21.986094
5.5999126	4.3663588
51.884216	12.986994
0.09993943	0.7618588
19.869553	23.391785
3.5666404	62.87431
-12.062331	-39.705196
31.107605	1.2019945
-34.5122	0.67919654
2.3656614	5.2389464
16.552313	-28.71745
10.329404	-20.854588
16.130133	-39.518425
18.771221	-23.586872
50.957066	3.6772895
-34.72172	3.1125607
-12.080668	17.33889
18.260391	-30.53589
-32.007507	1.6454382
-24.621494	-4.2355313
-8.50111	-0.27388483
-2.4403522	37.48928
-14.008532	-39.94541
-15.341006	38.912937
1.3703266	-34.014187
-10.430861	-5.6688733
-1.2839278	4.630721
11.754571	29.449192
-12.448939	36.91069
14.338567	-42.821606
-10.723667	37.484283
15.687871	-21.028734
-6.2861943	-40.99532
-14.240546	-4.315261
13.616771	-26.000069
-1.6258448	-32.013294
2.1699743	-14.515252
22.300606	-40.21591
-17.445866	2.5963504
-2.9037657	32.76108
-3.533777	-28.484894
-5.237609	-3.5133588
-2.2487633	59.80378
-12.0674515	-2.0585546
-53.53531	-15.997411
52.593975	11.982799
-11.614216	22.151653
11.261579	-10.856663
-31.34358	11.274372
-11.556032	-21.948729
-9.53048	-21.911135
-4.310054	36.246265
-3.3525703	33.62767
-31.246025	21.653193
4.0821137	-10.377229
-49.992706	-17.88075
3.0431204	6.761947
-4.9090858	37.590935
1.1940966	55.274635
35.38584	-1.2004153
19.98627	-36.050602
-11.39882	-23.6121
-14.095663	41.34281
14.843838	-26.632847
2.4934077	63.81892
-24.608473	-8.868582
49.968468	3.8633885
30.275799	18.30589
17.467482	3.305331
7.485473	16.9994
40.682365	10.877385
-34.17114	2.219051
4.488025	-34.250935
-5.2788625	-2.511085
15.389012	28.148298
-24.732735	-23.243746
3.864807	66.16973
-15.362558	29.675613
-32.099533	-20.810762
13.974511	-42.22869
-28.714512	-14.747602
-19.232082	5.548346
-31.579647	-16.647135
8.246393	30.577236
12.699028	-0.029005498
-5.9576855	41.008472
-25.865248	10.409148
54.264526	13.075875
-11.80681	29.91396
14.471419	-19.365805
3.0504575	24.180534
-30.457117	21.99367
-2.1756015	-44.044666
18.384644	5.0748763
52.434235	14.90945
13.74103	15.500654
-22.32668	5.7599435
52.42008	9.351696
0.9456214	60.81041
-16.568254	-11.90429
30.629469	-23.97403
-30.991913	1.423829
21.46955	-24.831278
-53.86358	-19.884472
-0.115546994	68.82794
-6.690512	-33.09
-0.4106129	-24.893255
21.608212	-39.703396
-23.461262	-25.075335
-53.284466	-18.219002
-6.1482196	39.803574
-13.972857	8.115439
1.2907231	64.41265
1.7814586	-33.630604
14.258946	13.863875
3.013091	26.682468
25.7964	9.185746
-3.508229	64.83874
-57.451683	-16.021856
53.304638	11.209708
-36.31475	-0.80206394
19.325964	-36.545025
55.895462	14.584626
-0.32398236	28.526398
35.6448	2.0177238
39.360798	2.3268054
34.92775	3.927624
-11.69866	40.169754
-6.499708	-29.867258
20.653383	2.8731346
17.533714	-1.7501355
-6.188147	-39.96313
-30.207243	20.775871
32.76633	21.300142
33.071472	22.773441
24.827833	-6.652507
-16.810648	9.529939
22.83439	-30.126411
26.985592	-24.616581
39.28736	10.055091
8.77172	20.874802
25.213253	-23.444666
28.906208	10.682086
-49.010017	-23.205118
-28.326141	-20.307428
0.19890526	63.21502
19.166735	24.794931
18.160637	-6.240016
-27.329187	-10.201643
-1.0739928	-26.27236
-32.837097	4.0790195
9.167464	17.625908
1.0736051	66.18267
14.478585	-20.992384
6.0747867	-35.919617
-21.904638	12.390382
36.613377	0.20797265
-13.892842	-13.795411
22.34408	-6.400777
-13.097532	15.118878
-24.333708	6.7642465
56.54136	15.185281
-6.0001106	18.03844
-7.105253	15.008886
4.2679873	-35.293823
-8.754331	2.4923074
-11.02938	33.323925
8.465988	-11.004455
-11.618415	-14.596062
-49.492844	-22.617668
18.322477	-5.3347363
-25.62694	6.579843
-29.879232	-20.945576
27.97823	-19.24243
6.8494225	31.066225
16.255419	-42.905582
-5.525374	-27.963614
6.70749	-14.284665
-25.866726	-16.109802
-1.1344445	23.348791
-25.001509	-12.9874115
27.71016	-9.114756
16.361874	-5.306701
5.5346255	3.446112
-28.397552	-13.91232
-35.128155	-14.061578
32.755188	4.6691217
55.78947	11.414722
-26.951815	19.309933
-5.8362055	-0.53715974
-5.342842	40.99682
24.612673	11.257341
11.96942	-12.011365
26.027348	10.399259
-20.838543	-29.639082
-29.388378	-15.280626
1.458546	55.909008
20.604239	-24.657051
-2.6940193	1.353598
19.480541	27.249569
-28.150923	17.34363
-1.4405465	65.72462
-9.01752	7.994855
-55.52424	-15.803111
-13.40791	-17.810059
19.205404	-30.397549
-7.805984	36.465363
29.514849	5.686468
-27.525507	6.0436125
17.826347	-2.9577768
-0.7130256	37.379112
26.541674	-29.068975
30.998611	-0.086136855
-19.486843	-30.125288
-1.0880572	60.532875
-16.103241	-24.247242
-54.23689	-17.381569
-11.1436405	18.223433
9.439325	-31.569561
21.941948	-31.49127
25.612713	-24.2942
17.234646	-43.027065
18.89028	28.288256
-12.895116	-4.4914703
9.664187	-30.677332
-29.856462	17.751589
-2.559292	13.5425415
-12.569695	-13.698725
-6.4642005	14.554195
-14.394879	-1.1595892
-2.139114	-42.775265
