-8.205227	-1.0868144
9.883888	5.724138
4.0763545	1.6333572
19.334837	2.2654335
-14.784085	-11.296688
13.4169035	-3.3223193
-3.44615	5.530555
-11.889213	-8.971184
12.822236	-7.409662
-4.2371135	5.3895063
3.0851252	-6.868554
12.48399	7.098293
10.720067	18.286251
14.740977	9.813472
13.167881	-7.9432225
-14.974036	9.097589
-13.043286	-12.096316
13.781379	8.555368
-11.832953	15.512342
18.607296	4.628675
-16.796282	-6.027911
3.0195954	-7.631466
-11.668318	-7.143609
-10.16205	-5.7523875
-11.77863	2.8522058
-0.07333939	-17.871853
16.234056	-10.541622
0.60579014	-6.5311413
-21.35907	-6.305355
-4.493223	10.943712
20.139027	2.0780902
13.549669	-5.2249556
-17.866306	-7.509335
-0.48604235	-19.38283
-13.636851	4.6085634
-0.2481809	-15.506027
9.054727	-19.899225
-18.785929	2.57704
4.956788	5.320608
0.61543113	-12.945166
-18.9617	-0.86248887
14.300813	10.80018
10.088361	-7.657517
2.3312092	-19.719385
-0.3994749	-20.706383
-17.32167	0.9922651
14.569755	1.928746
0.61963844	5.201212
-17.704954	-8.568877
11.471573	5.7375283
16.01401	-2.9764986
0.48578	-5.449005
11.267994	-10.463769
10.253303	-17.304008
1.1634799	0.059081484
4.4111123	13.450452
8.059181	15.3352165
-11.371556	-0.57431513
2.215781	16.182125
-15.996234	14.639028
7.189759	9.964123
1.589059	10.204713
4.3416457	-16.980255
7.960561	17.590033
8.559911	-19.566778
-13.070623	10.037373
9.366279	-13.865977
10.369985	15.940258
-6.9632626	12.064706
2.4954383	-20.621881
11.7987585	-6.293873
-9.432249	-3.8614962
20.725544	-1.553721
19.258562	-6.6666703
-5.7545476	-13.954918
13.002824	10.246328
-8.626773	-1.7813642
-7.5185485	-2.106521
-19.151175	-2.7332864
0.70195436	-16.74026
10.905352	5.4285836
-16.322424	-9.802266
8.790574	-7.5849257
8.981602	11.63871
5.7015843	17.254156
-9.741078	14.242096
15.368571	-3.3558471
3.0205407	-18.55229
-19.4726	-8.27575
-20.45681	-5.9999056
0.64757615	-16.04717
16.099102	-1.0183487
3.9276497	-19.273924
6.453419	12.611851
9.782463	-8.623744
4.1917377	-15.132043
-2.2711556	-4.4914575
8.578488	-20.283539
-14.459949	8.079786
10.321305	16.935076
5.5591354	-18.224995
16.122334	-0.114416055
9.796571	4.7152944
14.44595	-4.4647603
-14.401744	-2.2940636
-2.0187714	-18.134068
-12.054556	14.981321
-6.753577	13.424826
19.30763	-2.9924674
-5.740591	5.4079094
2.4700482	2.5934896
2.4841027	9.62711
-10.912172	-3.764893
-3.2553062	-15.22077
-16.98005	6.5649533
-17.035538	11.857477
10.568748	-18.732428
4.0922356	4.624785
0.9922787	10.269292
9.299276	-17.009235
-18.64264	-7.7519584
-7.7064333	-13.305511
-13.501923	-2.369721
-14.008762	7.3519464
16.993643	3.386884
2.8327773	-16.577614
-10.872681	-9.630514
8.016088	12.954165
11.845826	-14.26287
-17.979733	4.2542086
-1.6646872	3.751015
1.5372822	-8.0358
1.0124332	-0.3700666
-6.9124246	14.240975
3.567288	15.812791
-3.964094	-16.050035
7.8160353	5.87489
-0.9758386	-13.596544
-17.566778	9.35867
-18.29997	0.3610941
-12.912428	-10.54776
-12.4112625	6.460452
-6.9252725	-2.894038
10.866074	-15.998156
5.7973094	13.79788
3.5698798	17.691387
-16.93341	-9.316383
-11.498737	12.1124115
-2.380915	2.6622374
14.078454	-8.5964155
18.981705	-3.870027
13.989235	-3.7177837
8.836679	9.635742
18.322348	-8.866406
8.071145	-6.7745137
17.980196	2.2660975
4.3142395	14.237066
-16.476303	5.6289845
-14.719616	5.4219666
4.7573195	17.340288
-2.0191107	12.9116955
20.52119	-0.3089922
-4.22543	8.755973
-12.40495	12.022049
-12.69982	-13.086201
-5.8105454	7.9128222
19.969501	4.365352
-16.652803	-8.181357
-13.781614	-0.42110354
3.7269	-17.950743
-9.268628	9.690233
11.385562	-19.253195
-4.766339	9.072755
10.847333	-19.334045
6.044818	7.0692873
3.7580454	15.39119
4.480948	15.612888
-9.491549	-9.400732
8.80964	-8.325743
1.0475327	9.406942
14.4045925	-10.691696
-15.492129	14.995201
-19.87433	0.69266677
16.135046	-9.249794
-15.072414	7.0836797
-11.441213	3.8415248
-15.433531	15.878074
20.33038	0.33540383
-2.8232622	-0.08226332
-10.889289	3.9799066
-14.168044	9.510816
-7.671507	-3.7707298
4.421127	2.720261
11.319823	-14.313211
-3.3595605	2.0433207
9.1936	-9.871531
-9.613861	-0.5288831
-7.017902	-13.268802
-5.8926053	9.802183
6.6966963	14.487709
15.00331	-1.9240804
-0.35857695	-14.8289175
-0.42879406	5.5005574
0.95840573	-19.207893
-3.3842177	6.4961705
2.711413	-4.6980405
-12.874287	-3.2012355
11.838847	-15.905962
9.409584	7.154347
10.344408	18.814148
-11.637783	13.595071
10.976831	4.531468
10.991638	-21.290733
-10.684643	-8.679419
-9.889363	-10.447894
-9.107744	10.337884
14.05547	7.434378
2.9728541	-5.674599
-11.454069	-1.1111349
15.153546	6.076876
10.343596	11.977238
11.628776	4.7007732
-9.851717	-12.247195
-17.818588	-6.5305176
-15.470904	7.973037
-20.664845	-3.6323593
15.2052	10.427794
3.147853	10.327215
4.267427	16.430788
-7.4782557	11.142659
10.132789	-5.8860626
1.2535675	-8.652634
-12.412444	3.9008427
15.981879	4.7397017
5.5502415	-0.12232806
-12.98994	5.4659996
-12.143433	-12.53438
0.79397494	2.2724066
8.879779	-14.362293
14.28816	-9.181067
-16.254158	-6.9088173
-1.5066029	2.5739853
-3.3273685	-17.506626
17.65898	4.8735895
2.1236022	3.6977298
13.714781	10.150679
15.347815	-11.201742
2.5268483	1.7130721
-13.551309	11.627805
5.230048	10.702573
-21.456459	-6.517412
-14.374207	15.552895
-19.063427	1.0386002
-9.9614315	12.248626
11.668872	8.307397
10.004634	-18.042444
-7.6368656	12.297298
13.431086	2.3726997
-3.1926262	3.0462258
-19.659311	-6.3427563
15.088837	-13.261292
-15.325486	-9.794371
10.791245	9.79311
11.235138	-8.268799
-2.7838662	12.611092
11.077407	-5.844002
16.08031	3.078865
-8.110661	9.252887
9.902961	10.354425
1.5406113	-15.935748
-13.9293	-6.155619
15.278316	-0.764564
15.386074	6.6906824
12.816488	1.9404962
-1.7100718	-18.770464
11.649847	9.912146
19.815392	-4.398558
-4.426043	3.8467202
3.006928	-14.847364
15.476218	-6.133871
-2.822038	0.1362091
7.4777656	6.86325
-17.729803	5.3418083
18.909513	-7.7717185
-4.164868	-4.6738186
15.189386	-5.67743
-7.7519684	9.847317
-2.116385	-1.6381178
-12.475448	-5.9677534
0.9186448	-7.9272585
-15.484056	-7.2910566
-19.886377	-4.994972
13.325792	-9.78395
0.824225	-1.0911952
10.865164	-14.094756
16.783848	5.7957606
14.199666	2.87617
18.442154	1.172226
-17.041176	-2.505546
0.5199127	-13.440443
1.7245997	4.1850605
-15.250068	-8.223589
-8.017036	-2.8508074
-16.613644	9.407767
2.7676086	-15.971541
13.740515	-7.4069066
-8.971855	-12.92035
-13.587268	-12.151143
-2.569371	1.0971413
8.443247	-13.305708
4.935444	13.489859
-12.395907	-7.134612
-19.296667	0.37512612
11.879146	6.958757
2.9723892	4.5849657
-4.3710747	8.049246
0.26818538	-16.875078
3.5666373	-1.3530238
11.83815	-7.641479
2.367195	15.268799
-11.496224	12.776262
-12.2391405	11.272756
12.697108	-4.9403987
4.8049245	-17.74597
-17.228437	-0.35433808
-8.53673	13.631658
3.010484	-8.276065
16.996286	4.9267235
16.6475	-2.7450712
17.591908	3.3242755
1.2737335	3.0500963
15.230001	-8.7965765
-12.146929	-2.8615742
-9.672232	8.785429
-15.734964	-1.928494
-8.748962	13.977356
19.7542	3.3519366
-3.364071	-16.520706
-2.1213648	-6.7577696
-4.3891654	5.9475574
-5.2888184	4.7361193
-1.8166555	-6.7199554
-12.662774	15.653592
-8.834868	-2.8244362
4.656432	4.2480764
5.636061	0.69743794
-2.7766905	5.9410486
3.7630887	9.803852
-1.124784	-17.6024
7.640441	7.743041
1.5605818	-6.2674346
-1.2379653	-15.650098
4.140144	4.9798384
-16.673388	-1.539565
5.234018	11.946513
-14.920065	-9.848073
-19.556835	5.66451
-16.086058	7.4902496
19.331968	-5.2058506
8.892846	6.1339917
-14.572595	-9.060287
-19.698402	-0.59412885
11.238475	-20.000158
11.652892	-20.001987
0.8272248	-18.024775
8.845524	15.859148
-1.0714909	-18.123178
18.564486	-6.247716
15.374803	2.1565094
-18.406805	0.8716623
14.623768	-2.9248323
2.668665	-0.022086898
-16.012388	13.368675
-6.299098	-13.99086
2.2860634	-6.4099007
9.878307	18.985289
18.167229	-5.1731334
10.120169	-10.191452
-9.52339	12.960737
2.9193883	0.47448924
-4.930652	3.4550881
-14.938511	16.449663
13.568239	-2.6543283
-18.65885	-8.854823
-5.554792	13.6998415
-14.551268	6.161625
7.139493	5.6707673
15.411158	-10.339103
18.643236	-4.488847
-6.8269577	8.973694
-0.28320822	-20.166641
5.7053514	14.421552
-6.0832524	8.988627
-19.45009	-1.5394785
-11.137305	15.375885
9.710318	19.282684
16.334702	1.8911176
10.671949	9.183787
-16.253258	15.99623
16.801428	0.3990081
-3.933373	10.298448
-2.107295	-16.393147
14.184693	-1.4454007
-5.253673	1.5217024
1.5392619	1.4475193
4.864688	18.045298
8.072391	-18.173492
-13.026901	8.809565
-7.337881	10.425867
-10.9618635	-12.85228
4.50975	-0.04950787
11.695675	11.183494
-10.939563	3.3129935
9.628502	-16.041962
-10.899268	-5.465331
-0.19924493	-16.368391
1.3364506	-16.959595
-8.2286	11.155934
-5.6264887	6.6561265
2.361452	5.872112
-4.201105	-14.856082
17.328537	1.4742222
3.3559546	-5.347424
-13.221168	0.11109013
-17.20983	-7.6697936
-12.678804	11.164494
-2.4958248	-17.075226
-17.79535	6.3816633
-11.963186	4.2995815
-17.560843	10.602934
-13.097839	-11.331489
-11.960801	6.060941
0.01452925	-5.04857
4.730548	-18.967033
12.737221	-10.543643
7.058224	15.718334
15.173323	3.9431198
-4.109946	2.4935389
7.00189	-19.306768
-21.146969	-5.085454
0.7702472	-12.182718
-11.404865	-5.8242025
-14.514231	4.857155
19.00716	3.5128179
10.762263	-4.4776816
-0.9263189	-4.742366
6.1385355	17.776155
-13.474081	-7.766249
0.70972437	-20.106041
14.267369	0.5343366
1.8271704	1.7866588
-13.361352	6.884568
15.941391	5.722697
-13.950261	-8.011749
-15.514214	13.9987545
-9.997121	-0.9724997
8.565912	4.1003127
-4.788081	10.378005
6.087997	8.95342
-17.592693	7.2288394
