-25.098429	4.366015
-13.349802	8.826075
-0.3066689	9.920465
-0.80903184	-10.760163
-12.123372	12.921018
29.222626	-4.0085974
29.681747	-3.8794494
9.071913	10.151392
-10.842123	12.217787
-15.960886	11.635916
-22.505089	8.513951
-2.713357	8.078353
13.070131	-23.812672
10.5961895	-19.407598
27.575825	-3.1236222
-3.9703274	-7.8307614
-8.721251	14.8168955
-13.151019	11.098665
-21.723274	4.2743573
-0.69972056	14.593938
-22.211695	1.8367138
2.1514974	-6.8056865
-23.472246	6.4359236
-4.715845	-11.528246
12.876863	-22.832714
-18.442305	4.671977
5.209231	11.292802
8.574656	8.638248
-19.188374	0.34434062
2.6561782	12.720227
-22.87233	7.656172
-16.334784	13.517088
-4.772057	-13.64786
-0.37687737	-9.847111
26.908794	-1.778914
-17.2331	12.303273
-20.05941	3.9335353
-22.41091	2.558284
-21.739761	5.746979
-14.758614	10.523259
11.49078	-1.2870741
7.087155	2.0687234
-21.332205	6.4182253
6.7055893	-20.144783
-2.6178963	13.622329
27.2587	-1.320422
-0.69314605	12.144939
14.820583	-2.1716244
-27.702938	4.3073525
9.485282	7.5616565
29.916132	-3.7091677
9.900568	10.419857
-5.59835	15.572794
11.493088	-0.08558135
10.042979	-22.987396
-18.343637	10.850196
-16.479763	12.023791
12.895893	2.3511622
-8.139652	16.188847
-4.8763337	-14.2677555
9.643678	-29.42403
13.956006	4.1275244
1.3425952	13.443547
9.592394	-22.16657
10.410629	3.2570243
11.774219	-18.788633
8.958541	-26.081068
31.541666	-4.4071116
27.803596	-1.7208008
-23.641691	9.918642
27.926743	-2.8858507
-13.136912	10.432879
31.209553	-4.4134336
-2.9613073	7.1023254
-2.6920173	6.9972873
-14.73519	11.115133
-5.3361554	-11.972196
-25.615055	8.70351
-10.105574	13.735777
-2.5266366	9.167034
12.042687	-22.196554
-23.515692	5.0578923
1.7397627	14.952033
-24.637306	1.0770557
-23.653915	10.420602
-25.6356	1.6327919
31.230124	-3.6261678
-15.667619	4.0207076
9.543452	-25.250425
13.253422	-22.124523
11.115306	-25.430292
26.164986	-1.4740065
-0.35857603	11.786129
5.878448	10.403105
-13.959395	14.879087
12.0596075	3.4761393
-3.070089	-11.289645
-21.040901	5.1857104
-21.486843	2.6370678
-5.998872	13.377299
-20.67057	2.0736215
15.9144335	-0.46513602
9.02434	3.3154294
11.813485	-0.99094176
11.737365	-27.04897
13.99595	2.6149077
9.427247	2.6297429
-8.726964	12.22829
10.985237	2.5214899
-10.792516	10.153283
12.9565325	-28.29189
-9.452917	12.5933895
13.053461	4.1882644
27.909327	-4.3412642
11.338723	0.5484941
6.268267	4.8733563
-0.71565574	-8.120913
27.261402	-2.4062932
-1.1243049	-5.5665874
30.588423	-4.0513334
14.014077	-22.867786
2.0390813	13.544044
-24.487396	6.377346
8.668807	-25.062626
-0.8687385	-10.047284
10.749202	-27.07575
-2.9172254	-13.046685
0.35864982	10.04108
-24.067265	4.1410084
-25.128593	5.8790774
30.517008	-3.1037552
9.434955	4.696391
14.0325	-21.382288
-27.126274	1.1564959
0.9964538	9.762741
29.75263	-2.8916585
-23.609957	8.1183405
8.161733	-27.252415
12.095477	3.0973215
27.968904	-0.99287635
-3.1067598	-13.863038
-19.835855	4.2394347
9.793242	4.7434416
11.285989	3.169698
2.0216372	-7.213724
-23.59221	0.5293932
-3.0947664	-12.160432
8.132773	3.161761
15.466436	1.1778685
-7.1546893	-11.579263
10.609616	-26.69394
29.432728	-4.3551054
-24.163004	5.333656
-21.258793	7.849762
12.920082	-20.461527
-3.4901235	-7.475967
-4.1527452	-8.076885
-23.3466	2.0864234
10.8504925	10.429068
5.421094	1.7332782
-5.3030033	-14.296403
-13.328083	7.565398
29.459097	-1.249348
-3.6981423	-6.4233093
-3.5305824	12.022517
-11.6266165	14.191717
-1.5356057	10.25306
-12.80369	16.803862
8.354871	1.7411824
12.138326	-1.4192282
-9.785482	12.730449
0.37617448	-9.782249
3.7397265	0.13742134
1.0202577	-8.866028
10.612645	-27.964556
0.03606654	10.053715
10.957846	-1.1078151
12.241997	4.3583965
10.43216	-25.07212
13.482214	5.1977277
-16.801805	13.819209
-18.715883	-0.15122609
12.36493	-23.668695
-2.7125466	14.280226
-23.062263	2.8371181
25.577732	-3.0912771
9.352559	7.7894063
-4.4580803	-8.431046
-12.4835	12.169301
11.968346	-24.382643
-2.650051	-11.361894
29.336071	-3.3120148
-11.465163	12.768662
4.360715	2.246158
12.857197	-19.78469
11.589943	-1.6775881
13.644499	3.648537
-14.912753	9.941821
28.376461	-1.5443586
-3.7352214	-12.569466
8.426281	-26.767738
-4.1609674	-13.819457
10.031935	7.168854
-8.576712	11.476
12.588987	-26.515238
7.788702	-26.441906
-7.4506636	-11.144666
12.013685	2.8554323
12.757808	5.2691755
9.310672	-27.620838
-0.97735244	13.87184
30.157574	-6.0276046
7.020022	-20.294264
-21.234966	7.2970924
30.203342	-2.5600283
-4.7887588	13.625592
-25.186932	-0.14981909
12.939394	3.2051487
-19.86572	2.606348
12.237562	-2.6001172
-19.29614	-0.023610465
7.918212	4.181197
-10.916617	14.111575
-16.603836	13.992948
-3.891778	-8.5041685
-14.42599	12.742627
8.652424	4.6126623
-28.107233	5.7791657
-7.3418345	12.737031
-4.883716	13.227615
9.186283	-27.175167
5.254015	9.976798
13.3471155	-23.058043
11.327783	-27.923656
-23.06822	-0.6017255
11.34315	4.3421726
-4.416757	10.61035
9.118027	-28.929422
11.996963	-23.633032
-18.772644	11.456012
-9.523076	15.027322
12.539174	-24.439833
-24.108545	7.11129
-15.408194	14.454771
10.169674	-20.892408
7.873939	-23.828707
-15.852208	13.008267
14.078486	-26.629206
10.958167	-20.198557
6.6492634	-19.397654
30.209976	-4.978781
11.004739	3.9695566
-4.8934712	11.886383
9.293808	0.5921059
5.334124	10.968823
-20.638853	2.5223677
-9.549016	15.638181
31.485651	-2.4257448
-26.427061	1.3976415
-15.529464	10.926073
-3.7217503	10.940754
-3.5827954	-14.176861
-24.387037	2.9132106
32.267525	-3.8997447
4.231455	0.8614986
10.279057	-19.895489
-3.882345	9.803418
1.0944949	13.817908
-6.599731	-9.746028
10.658175	3.0302813
3.8518093	10.954423
7.5824385	-19.420115
4.488562	10.659672
5.4489136	2.311756
-26.452917	3.0507605
-27.75658	4.576906
-17.554514	11.673341
27.753675	-2.1615798
11.914444	4.678069
7.6673837	1.4683889
-10.548277	12.345601
-16.47213	9.585933
-26.242443	4.897153
-0.45635882	12.680781
-0.16369231	-10.59147
9.991265	-27.979582
-0.7958777	11.8151245
-3.0721385	10.648071
-2.461185	-14.588291
-20.234695	6.5798492
-4.3085594	-12.68322
-15.393199	13.218214
-12.306105	14.049148
9.133029	8.488438
11.004941	-24.000374
-14.469541	11.433703
8.922417	-22.255205
9.796478	13.050751
-20.338432	3.4355767
11.578427	-19.553389
14.053066	-22.228764
-29.052574	3.880231
2.3433478	13.127984
-5.271904	14.961447
-25.060799	3.953223
-24.969803	9.163561
-3.5260673	11.898393
-3.383968	-12.711471
-17.27903	12.968306
-21.236074	3.205817
-7.260368	-13.588093
-23.745665	5.7237163
-10.702679	14.40808
4.750499	13.250556
29.80552	-2.235561
11.153356	-21.554224
-24.42132	0.5637538
11.093916	-26.478195
0.19433293	13.156989
-9.344474	14.486272
-26.851137	4.2556534
-18.647305	4.3054743
28.655758	-2.739844
-19.178469	1.6949894
-12.709995	11.202904
-25.99178	-0.9376711
14.412352	4.0227437
-0.51653796	-8.7534485
-23.358715	2.4991138
-7.1177707	15.159399
6.700736	-19.237217
-4.8881598	15.014607
9.201941	6.416411
-18.180367	0.16435705
-3.097089	-13.577643
9.6193905	-1.5903691
-22.740067	8.644144
-27.364307	4.0517406
4.345408	2.049275
28.44783	-2.3408062
-21.618567	8.356552
14.341595	3.3217297
-2.3438108	7.83196
-24.245518	7.1437025
-19.554955	10.053835
27.947079	-3.7400126
16.030708	-0.6566583
11.515059	4.9949822
-15.457228	4.415566
-13.9885845	6.639296
10.727936	-28.937809
-5.020654	11.958965
-8.16943	14.695942
28.995226	-4.523618
-14.520209	13.256431
26.71701	-3.3873143
-12.323134	14.787768
-4.129906	-14.42572
31.325344	-3.2229452
32.07274	-4.8577228
-3.3823235	-13.096877
10.410218	-25.870092
0.686913	-9.4157715
-4.55244	-15.64278
12.94812	3.7838628
-5.488988	13.170898
9.200094	10.14441
0.89926606	12.005119
-13.142377	9.833903
-1.9226627	12.915005
-11.76556	16.265001
8.067194	-27.126245
9.6017275	0.5117302
-5.315115	-13.63985
11.892864	5.7940917
11.596965	-27.284359
-14.692149	16.1183
-25.011784	3.0065625
8.971862	2.375421
7.235396	-20.710398
-13.441409	7.547157
-2.593602	-12.828074
-8.380199	15.296457
-2.2482371	-12.21673
25.93171	-0.5408297
-6.8936143	-10.909201
0.4938429	-8.919736
30.81668	-4.758734
9.241924	-26.626965
11.514623	-21.542992
-7.1181293	14.149538
-8.178507	12.480198
27.127935	-0.7827288
-1.7737206	-13.328847
-23.759869	1.1142913
-11.077027	11.019978
-7.4207973	10.669819
4.905065	2.580824
11.826878	-1.9135355
32.828182	-5.174103
11.679467	-20.063278
-4.092762	-13.343603
-1.9068364	-11.286497
-13.876079	10.541296
13.235174	-26.756224
9.617559	3.8062613
-25.622856	0.05817473
-24.20575	5.95532
-3.6743832	-6.920303
0.5384526	13.370274
10.727008	-1.884542
-1.9611514	-10.572274
8.744016	-25.778664
-21.053766	2.1970487
-1.2180531	-10.157091
-28.235134	5.6790037
-5.661882	-11.429381
-22.11306	3.3403103
13.10499	-20.628773
-14.69983	14.116128
31.571384	-5.457354
-2.3243291	-8.495309
5.8964353	-20.640245
-28.840433	5.805973
-22.777754	4.1022615
-19.426699	5.0129104
9.413061	9.286038
0.89917666	12.912729
12.466627	-25.047503
9.641913	-26.033598
14.17212	2.6137242
9.764578	-28.759024
1.1437403	10.887583
9.857005	4.298976
-18.828064	11.204766
-19.038145	10.448281
-13.276824	12.485026
11.517442	-22.598328
-17.458847	10.520453
-4.993818	12.386351
0.6640952	14.502969
-16.95961	11.339333
-28.028025	3.8616426
-0.4211593	11.32242
5.552735	2.271293
1.2116059	-8.459225
-9.515001	13.113044
-1.5267463	-13.664333
-10.349497	15.797289
-5.4807196	16.034184
-1.2047632	-14.619218
11.835338	-23.11518
-4.0146074	14.710398
10.5932	-23.938936
-3.773993	-14.732899
-28.476994	4.167227
8.6804	3.7265885
26.194029	-0.6226769
-6.44453	14.826972
-22.582474	1.1614314
