-29.963568	-20.74374
41.555832	10.347947
36.70455	10.786676
-25.022333	-25.840584
21.597334	-9.188457
17.080894	10.092304
32.631657	15.179011
27.275007	0.93056077
22.41907	-9.123033
34.203842	-1.1545198
38.492462	-0.7013553
10.127418	-13.208933
32.980633	9.649575
6.278681	-15.267425
19.450808	10.156753
11.092244	-12.954849
32.172474	-0.41330686
39.52559	10.033172
-28.77564	-23.97799
20.61276	-4.9073496
-27.92214	-16.440903
-37.1129	17.032202
38.401497	2.1134439
-33.728928	-23.570986
32.29896	10.100624
-29.449825	-24.41834
33.959553	7.8664503
-39.351875	13.381816
-46.733036	20.040873
25.889383	-1.1264637
38.886986	7.222322
17.331585	-9.017106
-38.303776	12.666877
-23.11135	-20.967424
14.21385	3.7853737
25.658102	-9.189388
-31.3631	-21.449291
-30.037464	-18.014654
-30.780722	-22.885212
31.697577	-4.005476
-41.238705	22.817585
-24.43976	-20.693071
-30.527056	-23.697163
33.8025	15.687055
32.641315	3.0870662
18.926756	8.314646
23.104698	-4.348539
16.732206	8.038665
-31.361317	-17.763273
-41.752483	15.196918
16.575405	8.82177
-40.781414	14.623843
33.206905	4.1933875
-40.40282	19.89699
17.143242	-1.4392263
36.76412	2.0392153
24.49373	-8.674078
-38.92506	18.851494
22.659002	-7.1492968
-44.939735	16.72273
-26.536995	-12.467336
-41.068565	12.133124
28.487526	-0.012114544
14.41405	-1.5947167
-40.04801	16.578144
15.429432	8.894994
15.767075	-6.3941736
32.43303	14.362448
12.495601	3.1992848
-33.726753	-16.464684
20.134901	10.809953
28.911053	-5.162719
10.851212	1.721971
42.68912	11.265591
-25.268578	-16.02876
21.494183	-10.492777
-34.732426	-23.697618
-26.653875	-16.21659
26.409815	-7.7121787
35.412735	6.978482
15.966465	-0.58003557
-31.58222	-22.615946
31.829792	3.3619976
-30.85349	-9.343704
-30.596607	-11.435851
-30.348217	-9.429008
16.47283	11.056515
-33.777565	-15.944205
14.29628	-3.367878
33.141567	10.845893
19.458776	1.7222763
32.136295	15.84678
35.839077	9.48683
17.146225	-0.30468228
20.958158	-8.734628
-35.462833	15.329196
-26.71522	-24.658049
-30.631819	-21.256886
-28.221577	-13.503209
19.946102	-6.509011
-32.34884	-21.718504
13.059172	3.921778
-39.178318	14.866821
-42.40235	22.975077
29.174568	11.818945
-41.174816	17.100231
-43.330513	20.235905
27.34083	-5.4246297
-40.093372	17.53094
34.00436	2.0476902
29.228386	12.488784
25.876362	-6.9288373
-34.60367	15.067014
-24.85512	-11.946076
-42.90124	22.807207
-46.56953	21.541067
32.99523	14.898458
3.9945822	-15.350181
-34.645927	-24.542034
17.636045	10.752485
28.772793	7.1218696
31.114155	3.587185
37.539734	3.5566843
6.0855794	-16.042007
-40.21114	23.90689
11.188569	-3.2793505
-37.443096	10.810636
-26.842815	-23.549232
-33.872097	-21.388588
-30.259392	-21.63742
10.654606	3.1441896
-38.095123	14.485695
28.632536	6.010128
-29.862482	-15.009856
18.4671	-1.7971697
17.793783	11.588915
38.65317	0.4333317
-27.128883	-13.444256
-42.166306	21.573187
19.054636	8.951308
-36.131824	11.122254
-29.65252	-19.807743
-39.407803	15.888019
-36.90319	16.192348
13.999183	5.118949
-30.71757	-12.371438
-35.58707	12.967073
-24.50451	-22.283426
29.350294	5.0901976
-28.595097	-24.86753
20.325981	1.2927706
31.894865	15.126986
-29.404348	-21.042034
34.74337	-1.8364991
27.636377	5.6513367
27.07562	-1.2807845
36.92139	9.557655
-28.533098	-17.751112
26.003372	2.5739868
-33.633896	-24.311668
-47.293385	22.194475
-26.83442	-19.645647
9.960774	0.37122616
21.56088	-5.2186446
36.713837	8.531763
31.434303	-1.932463
36.114845	8.603514
16.465914	-6.1264315
-44.59286	20.49539
-38.14173	18.384789
22.103394	-8.244837
-43.435116	18.633957
-26.624773	-17.038721
-40.469368	11.0200205
7.51624	-15.199827
17.866974	-5.276572
-26.774166	-26.115107
-35.182674	14.502814
20.691153	2.0578253
-35.460396	10.342853
35.713013	4.8425984
-46.150417	20.614695
26.659056	7.349837
25.137688	-3.6204257
-27.89113	-17.308231
21.124617	9.869536
-43.005035	16.016047
37.428535	10.701088
38.597393	8.416979
31.032183	9.02876
-27.32794	-25.543533
18.433325	10.773405
38.260815	9.768925
-27.134724	-22.066916
20.341898	9.692929
-42.50548	23.971336
-34.78532	8.620377
34.044064	-2.182151
13.2001	3.3539627
-36.304554	11.9174185
8.756625	-14.594496
-36.85832	12.774894
-39.858692	16.00892
23.998304	-6.3330836
28.407387	9.001146
8.217066	-14.85653
-28.480846	-15.985971
-36.64297	16.720627
-24.314087	-23.280994
38.26002	4.629917
21.715187	-4.6244545
16.181889	9.852766
14.212675	-0.24078405
37.495544	1.7059362
15.5722885	8.2209015
26.74138	-4.2090716
-30.465626	-13.6844635
-37.872032	17.748941
-31.133537	-19.067755
14.397063	8.496314
-46.65923	18.995794
-41.025734	15.766945
30.544605	-4.047613
23.073671	-10.011656
28.174658	-2.5935907
18.87848	-9.887926
-34.264885	-25.148947
38.552586	11.177313
20.799236	-7.49204
22.28227	-5.9479613
12.803507	-3.9060206
-25.061644	-24.153625
32.42615	10.281904
27.642876	10.01626
-45.4998	16.267805
-39.353333	18.40479
32.97436	1.7421435
7.2042804	-15.684008
16.315191	-1.2718408
24.63427	-10.048264
26.805262	-6.357539
28.826439	8.19549
25.312822	-5.7906227
19.02247	-10.56108
14.318676	-2.2684047
34.34891	14.213183
33.6	0.6160483
12.2647085	-0.7428725
13.461128	0.07499486
15.990536	1.4231809
10.322045	1.0538921
-41.90568	20.754257
27.392912	-4.774687
-25.543734	-23.335213
26.753212	1.0886586
-30.257698	-22.238325
28.396534	-3.9038496
15.366339	-1.7472255
34.584934	-0.34782428
22.02753	-11.586202
42.339832	10.1014595
-43.174625	17.443981
-31.384222	-15.934037
9.880072	-3.078041
-33.01902	-23.606445
29.874489	13.5079565
27.945772	10.594034
26.801893	-1.8050593
37.602673	11.643614
-40.075844	19.63069
27.966223	0.8404436
10.166984	2.4059107
26.174583	0.42849073
-32.718002	-24.635496
-28.91834	-13.944089
-29.400738	-15.865289
38.389656	9.05255
18.026613	8.218201
-36.640602	15.66294
-24.833063	-21.758492
37.9978	7.239535
39.38754	8.80985
-28.20127	-14.523937
36.31013	10.151409
-39.655743	21.33578
11.852702	-3.7697976
43.17037	9.266594
37.45026	9.399539
-43.845406	16.859968
36.632057	6.3736587
-35.460766	11.828103
22.53983	-10.614093
23.50131	-7.8525596
-39.717854	14.175354
13.305984	-2.1996722
26.889	-8.473401
12.395568	-1.6226901
17.11683	-2.7900603
-28.91475	-23.616354
-25.09364	-10.151163
10.694538	0.12578818
-29.349813	-16.93977
27.260027	-0.30849597
29.242786	-2.316083
-34.52133	-21.032448
-33.47632	-15.275362
37.211754	8.82453
-34.791588	12.668555
24.997898	-5.325617
-32.567333	-21.053453
-47.5771	20.466919
-31.531425	-20.766802
34.411655	3.0285294
29.213457	2.5969038
11.72239	2.5971377
15.410997	-0.8210484
-31.062338	-9.803234
-25.992405	-10.520399
15.149603	-4.2684436
24.006466	-6.9551506
-27.092403	-10.233109
-27.57822	-21.521076
20.499035	11.259099
-26.964775	-15.456562
32.974373	-2.802818
-48.24373	22.276117
-25.814901	-26.027662
-23.767185	-22.120762
-31.560343	-19.814962
18.723186	-6.4470325
18.662357	9.199135
25.278137	-4.4235916
-40.166992	15.028373
-47.148075	21.243778
-42.912148	18.144436
-44.662193	22.934505
38.318424	0.3053301
-30.80824	-25.450052
-34.044792	-23.099977
13.022475	5.2004294
-32.753155	-14.273143
-43.15057	16.998545
-27.095665	-22.23882
38.370926	2.9782803
38.908993	6.11843
11.419686	4.052129
4.165437	-15.297283
-38.02986	15.708093
-28.994036	-25.091457
41.654922	10.762361
12.183477	-5.8746157
11.224419	-13.51585
32.67837	-0.016497785
18.285696	10.248247
18.41319	-9.110014
28.114359	6.4051957
37.291447	6.0605907
-45.10782	18.555737
9.480222	1.4033575
9.280911	-1.0639073
-36.86095	10.955774
10.035552	-3.6956491
-33.421967	14.156089
-45.50143	19.348146
-35.745358	15.911911
20.51294	-6.2694745
31.01677	4.7333846
11.159355	-12.568638
24.245592	-9.483073
35.225903	7.4644184
19.319296	-6.8333173
-27.80942	-18.379816
-45.237675	21.849665
-38.312244	12.050221
-36.28721	13.511814
28.888426	10.935153
37.877975	7.884851
-32.109154	-18.996891
-25.22698	-12.349438
13.30162	-1.1110232
35.159523	3.8679807
-44.56744	18.80788
10.001472	-13.969683
-25.528122	-24.324963
12.644323	4.538339
38.619545	12.557483
-42.13092	16.599268
15.427021	9.397683
11.421105	-3.9132197
14.989596	0.27102995
10.176268	-14.661634
24.853794	-7.2130184
13.905451	4.388359
-27.855059	-26.54398
-30.148088	-11.706784
10.824534	-13.827626
29.57237	-3.333543
-31.88841	-8.782774
-43.648808	22.0313
-34.670593	17.90717
5.3744955	-15.186205
-37.433674	12.301474
36.01348	12.844018
35.70843	2.7089682
27.836267	9.016696
-43.902332	20.975069
-30.636614	-20.238474
-32.56886	-16.368704
25.822948	-2.6191895
28.374605	-0.6704546
-43.04037	21.406296
-24.858503	-12.841339
13.469366	-3.4647276
-32.5381	-20.609398
-34.584003	13.32008
-26.927345	-10.895995
-31.513412	-25.17079
-27.805882	-14.872347
28.163042	5.504692
19.547543	-10.123904
8.849237	1.2591957
35.357155	10.55342
-31.721022	-11.373344
-29.370384	-18.730356
-31.258322	-22.098728
-34.063072	-20.460354
28.278284	1.8637433
33.58251	5.806795
30.261747	8.97571
6.9322577	-14.933586
-40.322372	21.766392
11.630952	-5.137993
35.21872	9.025986
-37.441975	15.045401
35.90594	3.392138
39.55762	6.7788696
19.494864	-9.020862
15.577728	0.05712032
20.885414	-11.522271
30.392673	-2.0863051
34.11878	6.4589467
33.457893	-0.3167558
-31.871647	-16.576542
31.86337	2.1714778
-32.89664	-25.65782
-44.04976	17.811077
19.860035	-8.158505
-42.229786	18.098648
33.232624	2.3894544
19.757286	-5.335965
-41.825848	24.317696
27.657742	6.8291583
18.978775	-5.654637
19.33608	0.52700156
-46.51346	22.581047
-31.570684	-12.877517
-40.43587	15.586265
14.035179	5.9172387
21.598835	-6.4784336
-27.301664	-14.213613
