-0.5365216	-16.321472
11.168436	15.798771
11.827056	16.783691
-1.8031248	17.600475
16.536158	-13.569155
18.36928	7.8842683
10.739476	21.88539
-8.691332	-7.1730614
9.594221	8.137971
13.379053	-9.914449
0.86434615	14.195997
0.51558477	15.038259
13.323383	-18.564667
-1.9234291	13.061051
17.575464	8.163835
12.1359415	-1.1260029
6.0007176	-5.9005294
14.040567	-0.7723231
6.1689625	-17.363207
2.8984122	10.918855
-10.084205	-8.628811
-1.9257647	-5.5369167
1.9063281	3.7451599
-2.048717	-9.0328245
12.512207	-18.992321
-1.9533529	20.747849
9.186471	14.750994
-24.91037	0.10513736
-3.5264335	6.679478
-3.3672802	1.5221728
12.984126	-15.665282
8.386062	5.0750937
1.0732192	-8.561676
-1.299559	19.990103
18.658785	2.5619562
5.116084	3.211019
3.3981698	-2.1552029
-17.45117	-8.33375
2.2167263	-19.519978
17.099504	-13.198218
-5.8631268	-5.977491
-1.5764505	15.980966
0.6280313	-16.98436
8.969262	-10.028218
4.1302643	4.7619214
8.1646595	22.26377
5.0681443	8.425103
-16.781944	16.749828
-1.7623553	-17.333017
-0.06283735	-0.4212506
18.775114	4.9408684
-8.366984	20.786028
2.084042	5.108948
-3.471349	5.195847
-9.850658	19.20677
19.019192	-7.84208
19.780386	-1.8085442
-2.0962267	1.9502821
22.54183	-5.847197
-12.272098	-0.1377699
4.416619	14.283308
-22.586857	-0.97539324
3.440218	2.3500626
-2.998081	9.024959
0.8145413	-3.2995932
-19.713379	1.4386045
12.304287	8.038278
12.527458	-16.756174
-10.139892	2.4020572
3.0157104	-12.3116045
20.571651	5.5782285
-3.1150956	6.462221
13.3624115	14.223025
2.7945895	6.2308507
-2.5117598	18.430664
-6.92848	6.1954975
-0.85673726	-14.279435
-7.5081077	-2.3446188
8.432526	-3.797821
9.446469	-6.2925267
-11.282881	8.654465
-0.44307333	-17.670946
-17.309593	6.457391
-6.820325	0.8737099
-13.187508	1.7780087
-13.00308	-1.3927064
18.390114	5.2627645
-12.868884	-15.896209
4.8399243	-20.309183
10.206798	-13.845346
6.1655555	-11.692593
19.172438	6.1026907
3.1301553	-10.541651
-5.8874435	1.9644005
-17.238562	6.0745835
0.3495163	-5.425123
10.457442	8.826578
2.0763779	-20.404945
-14.300057	-1.6647477
-9.015258	4.9105377
4.225114	-0.98598117
16.905737	6.4593654
-2.0945084	-1.8691019
-17.57148	11.879069
-4.2841134	-7.7537956
-1.5827025	-4.5598564
-10.240818	-3.0817351
18.470238	-7.1282625
1.4486356	0.83346665
16.983374	-8.890721
-14.722893	18.28496
4.9721484	10.408716
-23.844852	-1.4935448
-15.554043	-13.219141
-9.824135	-4.693565
-12.835832	-5.1566916
7.6007843	-25.93799
11.282367	20.021431
-23.437199	-2.6387193
8.001506	-11.622886
9.140693	-13.588594
5.7867713	-12.136383
16.179014	-10.579496
-11.576993	4.3159046
6.4697385	12.855058
17.849312	12.462023
-5.7307405	-8.32907
0.03614287	-19.627548
1.0791495	-16.48881
-3.0995154	-15.631024
9.377628	21.667627
-24.36802	-0.16000947
-13.484161	18.102139
17.16703	-1.2013212
22.613913	-1.141674
10.419906	22.838005
24.360884	1.8748353
-15.412243	-13.136692
-19.32367	-2.5161197
7.8804927	22.741896
-5.9010963	-10.3221035
4.2362924	-15.765065
1.9489434	-17.328909
0.41126785	-2.8918154
-7.6022367	1.8488406
-13.348317	2.1570976
-5.833088	-11.1513405
-7.811756	-4.7321334
12.341469	-10.423767
2.5014572	-14.184479
10.905688	11.931932
20.087418	6.0766954
3.5651424	-20.08839
11.64038	-13.134979
14.166876	4.843825
2.9669151	8.02216
13.59908	-1.2005092
-10.960933	-8.841834
20.421831	3.4122295
2.779914	-16.095387
-8.418329	-1.2979522
-0.00025393994	16.551765
-14.29766	7.66824
9.987563	0.74519295
10.389329	-6.9284387
17.308958	-5.2573543
7.825571	13.968612
-16.694008	7.2356553
-5.5834794	-5.5156393
-12.105755	-16.259726
19.949512	-4.837861
7.706597	-27.121935
-16.74011	-3.4995496
7.482274	-26.870596
-15.599367	18.587942
22.794874	-0.9173984
-4.719616	-2.0102017
-23.771431	-4.1206603
4.8347	-0.51847595
-21.350058	-5.6950502
6.2829657	5.598551
-20.474833	-1.5712484
-9.131342	-11.580142
5.8951626	7.9744573
-4.803884	-15.399825
20.908129	4.9609356
-21.686546	-1.0844631
10.0067835	12.653619
13.311344	-3.6735203
11.493844	2.8953424
-3.0127473	-16.871086
18.592098	8.624546
22.461227	-3.0432649
-0.045996815	-19.219736
10.816983	-9.361912
17.578728	1.0090485
-18.62003	4.058615
14.96427	-3.682156
-10.044665	0.8962393
23.783258	-5.6144953
-5.5854526	12.84577
4.013332	-10.381156
-23.307556	-0.6313872
9.018945	-6.4253383
-15.364796	-0.7024504
1.2284112	11.881594
-17.26428	2.7818463
-0.03391433	-3.200275
-3.0822153	12.169931
15.771916	2.7162945
20.4594	-6.6623635
11.471318	14.911101
23.166443	-8.619333
11.330097	-13.921171
-18.080975	-8.360322
19.411333	-5.907334
6.0132318	14.855551
-9.31587	18.541147
-1.0161281	-10.407033
-6.3826222	5.3544803
-5.448247	1.0841817
-1.5742754	-2.7785356
10.9182005	-5.3171563
10.015314	-0.13589673
12.184907	-17.409288
8.6508255	-2.7701142
-5.3362494	12.832928
10.296243	-16.162346
21.478325	-6.8813763
21.834837	-0.8469539
14.774878	5.3476152
-2.5131552	20.07265
12.157005	-18.122332
-6.523954	15.508811
3.7223244	17.049948
-16.993013	4.7628503
5.8773417	-7.3849473
-12.132232	17.669228
17.719042	12.358674
-6.738022	10.073174
-15.001993	4.6321363
-13.3276005	20.116306
-8.769692	10.474382
5.4126096	12.141199
-15.373996	17.176376
-2.168173	10.099883
8.121992	7.760356
-14.416804	16.920166
-9.337838	5.4720464
-10.477385	14.579888
10.278954	-2.603363
-20.095514	-0.4554142
13.928468	-6.1169777
-5.502581	-16.132547
-4.677974	3.3370597
3.3149285	-2.6253748
18.259	-3.6487072
-9.2299595	7.3031025
-12.87199	13.981897
8.329047	-1.0619143
-18.721388	7.1551886
-9.054416	-9.875145
-0.805969	15.003321
-16.29993	5.924779
-7.3088546	-4.483164
16.061357	2.8099759
0.8896854	8.675787
-9.917718	0.62830913
9.66849	17.513481
-3.0001326	-3.415783
-1.7906308	5.358585
14.033779	15.489957
-5.0119486	1.4642096
-23.226362	1.0539323
-14.932116	-15.227951
6.772831	11.0312605
9.648359	11.548788
9.45363	21.85887
-0.24321398	-6.8922215
-2.3672369	-1.2518411
13.312562	-3.1182992
24.620443	-2.18713
-14.719965	-4.0768003
9.317841	14.252324
-25.951538	0.41323867
13.646917	10.307234
11.668844	-1.8590481
11.801291	-4.634455
-1.9140342	4.1062536
12.24614	-14.595759
1.0856798	-11.039284
8.209765	-2.6490006
-8.372978	9.75745
-9.284105	20.168402
-7.4392433	13.443461
5.0885043	11.394102
-4.943662	-2.5718145
2.3978474	11.644547
7.9518633	-17.263884
5.65519	0.8670413
-11.694196	9.400345
-5.05298	-14.532271
-1.7388611	6.1207743
18.312792	-2.6705482
1.010591	-15.31865
20.489202	7.85425
11.138752	-6.540812
-5.2596507	-10.955611
-13.198345	-7.126966
3.7927864	-4.094339
-7.6345015	0.9542758
-2.9088066	-12.622357
15.180288	-6.3324676
4.2103395	13.811766
9.531323	19.911613
-15.105244	8.052418
-0.9618637	20.540363
9.214122	-9.817414
-18.180485	5.4753094
21.234682	-10.891966
-10.956228	-6.147516
-5.456021	-16.740301
21.287563	6.1044064
-15.60634	-14.304529
-0.17306124	3.624749
-12.240073	-3.5439644
-1.7447928	18.74293
-2.1915925	12.750648
14.8918705	7.282602
3.7365797	8.992979
-13.162656	17.199669
5.843968	6.18061
-23.889257	0.14309213
-12.684522	-5.003145
-5.731406	-6.9193907
-11.169006	-1.401678
1.8448508	7.617276
1.5641932	-14.839779
-24.69226	-1.151087
9.800644	20.72279
-16.03185	-11.879312
-8.757066	21.301617
-1.4015609	-13.938502
11.095832	-15.913726
24.939718	-2.3096108
10.348325	18.296429
-13.286786	6.966141
-22.151466	-5.5221663
-1.981807	19.854515
-12.558841	7.3499894
-12.54061	19.59829
-0.3882761	20.947067
21.56401	-4.322306
-8.983159	-11.9165945
-0.06804851	8.887692
-10.883338	-9.920775
12.45816	-1.0944293
-3.7728834	0.53434366
13.969541	11.994773
13.696317	13.792388
-3.2744663	-12.365733
-14.678814	-4.8812523
7.128903	-26.387749
7.400131	-27.45989
-11.519682	-16.493393
20.60455	-10.453161
4.001238	3.8328176
-0.2509958	18.013033
-8.88905	8.747679
16.88182	-7.4424796
-6.724555	9.563084
-14.356866	12.72916
-22.11238	-2.4255948
4.5676875	-9.216739
-23.872751	3.694102
24.411749	1.998309
8.38854	4.621715
-0.57421654	-10.168335
-10.346568	-2.3289707
-11.914283	14.810599
16.556656	-9.861879
-7.985726	-1.754507
-18.566055	6.7028685
-6.046208	-12.469359
-10.080215	2.3786395
-9.778192	14.3394575
0.35071948	-1.6708548
16.582397	9.617438
13.798965	11.053869
13.704626	-8.4981365
5.979869	1.5306002
19.829506	-9.916781
6.7807703	21.241518
2.7879152	-7.814835
-12.959702	0.16788277
-13.685303	5.158804
7.8398833	10.417073
-0.3301882	-1.0283705
-21.99934	-3.5775318
17.350449	4.131749
-18.471516	-0.9308425
4.582633	-10.197928
6.466524	6.246198
15.612363	-4.0468316
-14.297463	17.736576
-4.5755124	-0.7694871
3.6133084	-17.822042
-1.2773557	-15.864212
21.074377	-4.335362
10.265871	-6.0219393
4.1032305	17.300148
-11.133509	7.2652545
11.848934	3.5123866
3.4079986	-4.220487
-1.3910747	-10.0862665
3.8407514	-7.6520615
-14.055083	-15.009911
-11.951223	-6.4658403
14.791859	-12.524962
-15.762208	-10.821338
6.020688	-10.372181
9.076469	13.184127
-2.3897402	-6.1661725
-2.4743423	-15.912946
3.5376608	-4.8392596
-17.161627	-10.393534
-8.771481	-7.157798
17.477898	-7.0352197
12.119456	2.7400568
-18.030216	-7.852526
-4.549989	7.220972
10.613089	1.245597
-25.060762	-1.7528682
-0.23974934	-5.079343
8.947936	7.9374433
11.061269	0.34677306
-8.423706	6.81449
-14.366307	15.400294
16.664934	-14.786269
12.939798	-5.9342556
2.019913	4.6792073
0.6773585	4.6276846
2.0231996	-7.990684
16.25993	7.895732
3.1320424	-15.982933
-24.633448	0.7633594
23.162275	-5.776848
-7.3509836	-9.595191
3.8466547	3.3692696
6.097611	9.619873
-14.893419	18.834263
12.516272	1.8617524
4.30011	10.931317
5.3931975	-4.5021043
-11.181154	-3.5776188
1.02848	-9.19897
-1.7745551	-2.0008254
5.914299	20.934658
-6.433942	3.2340372
-11.912288	-7.065493
