-27.66552	-24.740082
-22.28174	14.890873
-20.046043	13.975897
-38.458286	25.881695
19.532793	-13.413517
-2.104929	-4.9300632
-22.775007	28.563885
12.766388	-47.094097
15.934872	6.0642433
-7.7110863	8.347251
-32.02487	26.491955
-33.160515	26.229988
-12.975775	-18.496998
-32.40862	17.042356
-3.6490977	-4.7766786
14.660739	-4.052822
20.621132	8.777817
11.377734	-3.798149
-37.34957	9.940326
9.877594	-40.966454
9.654699	31.402187
-26.942627	-41.067856
-11.637998	3.9569867
-26.531477	-34.812702
-14.82504	-16.637115
-42.093708	28.914429
15.72702	-22.30381
34.109882	39.75912
17.57801	29.637909
4.567697	-38.092033
-17.670366	-1.6968486
-24.833061	-3.333885
-2.1935825	-40.75725
-43.033466	27.144487
8.886337	-49.556866
20.191832	7.393395
35.66755	17.04692
-16.363865	-29.101435
-32.212494	-22.479362
2.3481596	-5.0363774
16.254932	12.979497
-37.037148	24.808302
-29.952148	-24.82751
-35.748512	-7.9152093
19.976978	-36.884758
-13.161672	-34.321606
12.30868	-42.236534
-15.832433	50.643158
-30.372517	-23.370068
38.214638	3.3417845
1.739208	-7.783881
43.62142	30.803246
17.67272	-40.025726
20.443644	29.752777
-18.01412	41.369335
-13.41342	19.672615
-13.416266	17.773035
-23.381416	-39.547478
-13.11679	-7.7474413
-1.5618813	-39.097733
-16.863983	29.57841
27.72666	40.565483
21.78251	-40.659084
-6.936872	-24.147064
36.059593	7.5832186
-4.88838	37.77596
30.524158	-28.15898
-19.803186	3.0943375
3.5862052	-51.766396
38.876045	10.505341
-3.5617983	-8.241542
18.786879	29.576416
-25.602434	16.935978
22.2031	-33.3932
-38.857323	27.929018
-2.598686	19.437056
-27.675451	-33.64965
-2.1232104	33.47425
23.144522	-6.6582937
15.096647	-15.319703
29.164047	-13.003805
-25.349821	-26.056408
33.265133	-18.757439
1.3065951	-37.26505
-4.2284737	-34.60062
-1.4872202	-36.75822
0.71834004	-7.858099
3.0529573	7.7657533
-35.790123	-9.967838
-35.907715	-13.698155
-31.727394	-6.568157
-0.90491027	-9.081718
39.198658	12.231187
3.0572853	-36.886837
35.37003	-18.510445
34.267387	9.55593
-30.62722	-38.708492
-33.551193	-23.56074
14.046668	28.15784
-7.341354	-26.65982
34.24813	18.474762
-1.6952314	-11.594596
36.72205	0.32546613
-22.97314	-8.525486
9.358873	15.311378
-25.725946	-41.201504
3.1076458	23.779802
-10.524134	11.45873
-34.019814	-32.894287
-12.020183	8.115566
-18.75462	49.48569
-37.84526	7.315329
29.593752	40.569805
2.2223604	4.0988164
8.753155	28.853464
11.884171	25.634453
-15.974693	-62.639782
-18.139456	28.86246
29.313555	42.533264
-33.305454	-6.0426955
-35.119144	-12.65506
-27.914228	-16.558514
-10.8400545	4.9989514
-4.421508	39.3766
-9.5093155	26.948778
34.367287	23.288992
18.308378	15.7692995
-24.758724	-10.164487
-29.962852	-25.987942
-24.229906	-22.469967
-19.474398	25.443521
33.165295	41.225212
-18.616499	44.710762
6.937819	-25.310726
-15.089143	17.016773
-20.96412	29.113487
-15.821287	20.531414
4.7401004	2.0396428
15.953206	26.244926
-14.05251	-33.115135
20.700134	21.040636
-35.510788	-29.111992
-28.36667	-20.554283
35.009365	7.2281175
0.9314955	-33.418556
-4.9425344	-34.299458
22.276114	21.4372
-2.5014277	31.912947
-37.271374	-15.486887
-31.78189	-29.274212
20.625174	-25.554365
-2.5985255	-8.685673
-30.717697	-20.580868
-15.734436	4.997318
-10.034858	-17.67417
15.077284	-38.946266
11.809793	-4.990093
14.789543	23.717117
-7.6938105	-16.36434
-33.68782	-30.679865
-6.3575706	-39.492832
-34.31851	26.105701
28.99245	-16.517982
20.98176	-2.1888201
14.633538	-13.49282
-13.001918	11.882062
18.553677	-23.98241
32.72198	-17.312187
3.2968926	-43.61049
2.7079177	8.872152
-3.128086	14.861987
-14.572986	-61.29572
-9.095334	16.435394
-14.154921	-62.31454
-18.112318	50.789326
-15.6399	17.760303
-24.398401	5.971829
-30.324957	-2.3776605
33.946445	19.678217
-8.599189	28.05665
16.738335	-44.50307
28.625776	45.558586
11.497986	15.721729
13.5018	-43.312183
7.5654893	32.317345
-8.672376	-17.237207
29.513689	45.01662
19.959122	-24.485237
11.857123	-8.053728
-15.6930275	-14.810112
6.227144	33.33672
-1.2826861	-4.0975738
-18.828794	12.949189
-24.011196	-9.223047
-37.923534	-17.10994
19.661167	16.234652
-4.7557497	36.624294
-6.499318	-1.5079429
5.0738497	-51.09546
5.8671575	-37.153347
22.735998	-19.387455
41.015827	13.054848
31.574194	41.17618
28.43316	-24.842684
-37.81392	-6.324809
19.345276	-34.07684
9.427762	-15.848205
33.86515	7.5917296
-31.029543	19.623856
-15.393319	-10.169835
-10.652065	-10.886799
-23.709923	14.996082
-33.084465	-12.471818
-15.3856535	3.4048185
-32.940445	-4.525416
-8.023529	13.632819
-0.30637857	-24.192068
-6.4136	30.145374
11.064083	-22.722149
-4.7006254	23.898413
2.5525494	-38.26692
36.83275	1.6598529
17.468908	-11.305209
22.417513	-2.0486803
-18.720661	3.087539
20.248735	-7.1182494
38.036293	21.704792
4.306143	39.739014
-11.312798	-9.725105
-15.114407	15.40809
-7.31493	-14.822972
-41.937668	26.390802
-12.979742	-17.36613
-21.365786	2.4126132
1.1876566	-39.986885
9.206894	-16.969542
26.168953	17.918371
-20.227207	47.411613
34.653057	22.309431
5.222156	43.695805
24.321276	-3.792927
-20.625904	44.074913
3.7130694	44.46547
-39.588108	4.920235
-16.395802	48.733456
-2.0578444	-25.211496
18.081755	6.3280215
-16.471188	47.281292
-8.490876	-27.248772
3.083021	-18.483238
-31.633526	-4.2073636
31.060825	46.766674
18.122522	-7.305169
6.836561	31.099606
4.9816146	-40.367367
36.63826	17.010885
-9.110961	14.639638
1.2883449	41.255173
7.1108723	20.00212
20.822287	-5.227306
34.201008	-20.46063
16.66302	21.570068
-3.679582	-26.32655
24.375906	0.38184455
-3.9932368	31.123034
0.10263978	-14.469248
-5.8914804	23.228083
11.388744	-48.106544
-19.97439	17.849424
29.186062	3.338079
-0.5039681	-43.40414
-4.7991433	25.490509
3.4568608	-39.08014
33.775406	37.04643
5.0362906	4.562406
0.82119596	-28.85245
22.643822	-22.004013
-21.061577	27.542425
-22.36056	-35.22448
25.921467	2.0411894
11.708984	-7.134141
-20.952019	8.675407
15.471737	27.183718
17.004261	-21.350294
34.73049	44.031204
-29.136208	11.8771925
-5.4464607	-32.025887
28.043419	-23.897516
15.991259	30.572815
-17.227861	-0.6363275
-22.702559	-20.38594
21.035166	-7.733025
3.7710967	43.00501
43.428284	29.224024
23.872728	-18.13046
-38.284348	5.0692387
-25.45588	5.1901903
2.8047593	-13.611894
-17.943676	40.170563
5.2471285	-0.5624017
-17.538416	-3.4068308
9.04138	32.226753
0.029926602	-43.922596
10.642483	-26.130524
-28.770912	-27.053034
-5.4600296	-8.710844
15.942833	-11.110794
23.520374	19.82927
7.5427985	21.205963
38.486935	18.08199
0.07051936	-36.559467
-18.730978	-25.120491
16.08126	-5.352457
-37.36283	3.9487774
-21.05246	24.852898
29.856842	-15.829732
-44.070744	28.05865
-37.72975	-19.340418
35.01072	-17.660938
-6.906848	12.183145
4.5346665	28.718523
4.706808	30.276026
-3.564674	-9.781986
4.918419	3.3037736
-7.997859	5.822319
-6.458227	-40.861202
-39.85407	26.856144
-31.844053	19.106792
11.464445	-49.888153
13.787951	-39.265533
-17.36486	46.214436
15.544094	-45.269604
32.9219	40.03197
12.1529045	26.321747
17.228298	15.249206
-0.023452714	27.564167
-10.131338	26.011002
-29.539335	-27.89407
30.624716	39.631405
-21.288332	26.546896
1.1338142	3.3061655
43.70666	32.063076
-28.606339	-33.115555
-15.126418	2.4928193
-21.575115	7.369626
-22.864872	24.58886
26.625265	-6.952744
-21.856377	-29.816725
-41.446068	27.813036
27.307001	-7.6207647
-21.553957	47.998127
-44.91076	26.77529
-3.9262624	15.798123
10.6573515	15.392829
6.802413	17.130203
14.423335	22.5565
13.660419	-3.786259
4.6422453	-31.566504
-26.182266	13.565078
-26.4409	17.076485
-17.82936	-25.014193
22.162481	11.062517
-14.869985	-63.253017
-13.350734	-61.262714
2.49082	10.052699
-6.269369	-26.162285
20.253345	-38.439617
-46.013393	29.68728
2.9771428	41.39396
-10.028424	10.396566
7.06776	-44.945232
31.309717	29.110218
31.068596	43.81618
38.75731	14.432965
4.0081997	11.209798
-16.347605	21.905338
-24.044027	-3.9500055
12.284042	-22.316393
0.99316394	27.45264
3.211058	-19.348473
-11.7095585	6.9966035
-0.21135381	34.96871
35.20091	-20.173996
22.91874	22.57033
2.9912596	-51.52274
2.7054112	-16.546242
36.775806	5.304537
-2.5714014	-2.940119
-28.323006	12.385845
-6.591323	-42.24508
5.6227508	-1.8329358
-37.608845	8.780787
-12.360538	-35.260876
23.337955	-31.051344
-3.5544534	-36.531322
26.042519	-5.4514728
28.55496	-26.59898
36.984196	4.2762427
32.23038	45.61975
1.4670761	-13.723822
35.780506	-7.0912266
41.51689	13.823008
17.804874	-45.449512
-13.391827	9.32026
-18.397436	48.43381
30.319147	3.1103354
-36.938103	-21.134972
-26.99685	-21.778332
-5.1432014	15.089725
14.415174	-14.906264
-20.992208	52.05964
-3.7479043	23.39687
-16.444418	-13.971889
38.23515	19.092005
10.907453	-21.37733
23.083227	-32.661198
3.2755206	5.8920074
8.026466	25.181072
-5.748192	-43.539062
-2.8712275	17.897154
43.357353	14.454068
21.846794	-20.654015
-28.078014	-40.805122
-24.879301	-22.162453
39.605495	18.87489
-23.956984	-26.501713
14.3038	-46.074768
-8.227033	-18.676348
-16.777126	-15.39137
-15.771038	-30.24534
18.70473	24.482328
18.570507	-1.1778396
31.787434	38.524117
36.9342	9.379448
16.938375	6.2373705
16.716558	-0.8281483
2.3587344	38.9517
23.95529	9.214435
3.1929407	-6.623095
16.967915	-8.743459
18.105917	-39.108616
-8.075739	4.2267923
8.35296	-25.106298
-5.32845	-3.0806053
-34.00226	-29.724813
34.448334	41.912006
-14.167022	-8.183269
19.262033	21.869852
20.6382	-39.419113
7.88375	-44.098137
-19.593016	50.309975
-16.915157	-16.70902
8.8650675	-41.37548
23.55937	8.09579
2.5023956	22.325823
9.939836	-24.750359
37.194824	-0.36483774
-11.581475	-35.996635
3.9905784	-35.23956
9.001468	24.84062
